   9.7650350000000003E-008   1.2031427309091821E-026
   9.9925610000000006E-008   1.2217597703787527E-026
   1.0225380000000000E-007   1.2406642066915106E-026
   1.0463640000000001E-007   1.2598624777522485E-026
   1.0707440000000000E-007   1.2793568977290010E-026
   1.0956930000000000E-007   1.2991537166079163E-026
   1.1212220000000000E-007   1.3192558311712666E-026
   1.1473460000000001E-007   1.3396691379466763E-026
   1.1740800000000000E-007   1.3603993280057165E-026
   1.2014360000000000E-007   1.3814495927871627E-026
   1.2294299999999999E-007   1.4028260422920422E-026
   1.2580750000000000E-007   1.4245323085947849E-026
   1.2873879999999999E-007   1.4465748818609190E-026
   1.3173850000000000E-007   1.4689592832117902E-026
   1.3480800000000000E-007   1.4916893614649312E-026
   1.3794889999999999E-007   1.5147702832083861E-026
   1.4116319999999999E-007   1.5382099342418295E-026
   1.4445230000000001E-007   1.5620116048958931E-026
   1.4781800000000001E-007   1.5861813161510748E-026
   1.5126209999999999E-007   1.6107248749198801E-026
   1.5478650000000001E-007   1.6356485844628122E-026
   1.5839310000000000E-007   1.6609585242181393E-026
   1.6208359999999999E-007   1.6866591685072371E-026
   1.6586019999999999E-007   1.7127582647333050E-026
   1.6972480000000001E-007   1.7392612415962323E-026
   1.7367930000000001E-007   1.7661733284423922E-026
   1.7772600000000001E-007   1.7935022521422845E-026
   1.8186709999999999E-007   1.8212548018732809E-026
   1.8610459999999999E-007   1.8494361993944223E-026
   1.9044079999999999E-007   1.8780534436795064E-026
   1.9487810000000000E-007   1.9071139365567833E-026
   1.9941880000000001E-007   1.9366241698742885E-026
   2.0406520000000001E-007   1.9665903999722240E-026
   2.0881989999999999E-007   1.9970205671171290E-026
   2.1368550000000001E-007   2.0279223309822256E-026
   2.1866440000000000E-007   2.0593018226541630E-026
   2.2375920000000000E-007   2.0911661923969621E-026
   2.2897280000000001E-007   2.1235241870170227E-026
   2.3430789999999999E-007   2.1563830185743943E-026
   2.3976729999999998E-007   2.1897502462274078E-026
   2.4535379999999998E-007   2.2236331562719715E-026
   2.5107059999999999E-007   2.2580411682187496E-026
   2.5692050000000001E-007   2.2929809908125403E-026
   2.6290670000000001E-007   2.3284614455237931E-026
   2.6903249999999998E-007   2.3644916258956225E-026
   2.7530090000000002E-007   2.4010785580779370E-026
   2.8171540000000000E-007   2.4382318924373902E-026
   2.8827939999999998E-007   2.4759603655190624E-026
   2.9499630000000001E-007   2.5142723995122393E-026
   3.0186970000000001E-007   2.5531772388652596E-026
   3.0890330000000003E-007   2.5926843563867999E-026
   3.1610080000000002E-007   2.6328028858902092E-026
   3.2346589999999997E-007   2.6735416316978632E-026
   3.3100259999999999E-007   2.7149107184275349E-026
   3.3871500000000003E-007   2.7569204522526636E-026
   3.4660699999999997E-007   2.7995796947994222E-026
   3.5468299999999997E-007   2.8428996550579877E-026
   3.6294710000000002E-007   2.8868895545338138E-026
   3.7140380000000002E-007   2.9315603824675030E-026
   3.8005750000000001E-007   2.9769222142160331E-026
   3.8891280000000000E-007   3.0229857967106799E-026
   3.9797449999999997E-007   3.0697625192711650E-026
   4.0724730000000000E-007   3.1172628542877362E-026
   4.1673619999999999E-007   3.1654984136698264E-026
   4.2644610000000000E-007   3.2144798915564334E-026
   4.3638230000000003E-007   3.2642195885570841E-026
   4.4654999999999999E-007   3.3147288723191420E-026
   4.5695459999999998E-007   3.3660196818731970E-026
   4.6760170000000000E-007   3.4181045017936857E-026
   4.7849670000000005E-007   3.4709944026678114E-026
   4.8964570000000001E-007   3.5247034096957408E-026
   5.0105449999999997E-007   3.5792436237322185E-026
   5.1272900000000004E-007   3.6346271798485964E-026
   5.2467560000000004E-007   3.6908681177025946E-026
   5.3690059999999995E-007   3.7479795122167727E-026
   5.4941040000000002E-007   3.8059744288752537E-026
   5.6221160000000004E-007   3.8648663777374397E-026
   5.7531109999999995E-007   3.9246697466376459E-026
   5.8871599999999999E-007   3.9853993115099610E-026
   6.0243300000000001E-007   4.0470675291351726E-026
   6.1646970000000004E-007   4.1096903980099760E-026
   6.3083350000000004E-007   4.1732824674973558E-026
   6.4553189999999999E-007   4.2378582001708031E-026
   6.6057279999999998E-007   4.3034332729116117E-026
   6.7596409999999997E-007   4.3700228014484034E-026
   6.9171400000000005E-007   4.4376426391888056E-026
   7.0783100000000003E-007   4.5063093436765043E-026
   7.2432350000000001E-007   4.5760384592426685E-026
   7.4120019999999998E-007   4.6468462215131766E-026
   7.5847020000000003E-007   4.7187499403125305E-026
   7.7614249999999998E-007   4.7917658948795635E-026
   7.9422670000000003E-007   4.8659122260246936E-026
   8.1273210000000005E-007   4.9412052114176900E-026
   8.3166869999999998E-007   5.0176633522981415E-026
   8.5104669999999998E-007   5.0953052871864214E-026
   8.7087599999999997E-007   5.1741477994055278E-026
   8.9116740000000005E-007   5.2542105979128195E-026
   9.1193159999999997E-007   5.3355122992345849E-026
   9.3317969999999997E-007   5.4180723972798662E-026
   9.5492269999999992E-007   5.5019093026391138E-026
   9.7717239999999998E-007   5.5870438074957795E-026
   9.9994030000000002E-007   5.6734948273881469E-026
   1.0232390000000000E-006   5.7612847203769965E-026
   1.0470800000000000E-006   5.8504309540712853E-026
   1.0714780000000001E-006   5.9409621788389527E-026
   1.0964429999999999E-006   6.0328888161958893E-026
   1.1219900000000000E-006   6.1262390529139350E-026
   1.1481329999999999E-006   6.2210364868081225E-026
   1.1748839999999999E-006   6.3172967060421416E-026
   1.2022590000000000E-006   6.4150489299286631E-026
   1.2302709999999999E-006   6.5143107735107969E-026
   1.2589370000000001E-006   6.6151132005042147E-026
   1.2882700000000000E-006   6.7174721979576170E-026
   1.3182860000000000E-006   6.8214134836454513E-026
   1.3490020000000000E-006   6.9269652834717184E-026
   1.3804340000000000E-006   7.0341514318599647E-026
   1.4125990000000000E-006   7.1429982709270382E-026
   1.4455120000000001E-006   7.2535245103602312E-026
   1.4791919999999999E-006   7.3657614279441656E-026
   1.5136579999999999E-006   7.4797392064866322E-026
   1.5489270000000000E-006   7.5954804250556232E-026
   1.5850160000000001E-006   7.7130068263727103E-026
   1.6219469999999999E-006   7.8323554382770291E-026
   1.6597380000000000E-006   7.9535492303833771E-026
   1.6984100000000000E-006   8.0766198282028800E-026
   1.7379830000000001E-006   8.2015945909878429E-026
   1.7784780000000000E-006   8.3285030067879666E-026
   1.8199170000000000E-006   8.4573766016184662E-026
   1.8623210000000001E-006   8.5882427021919648E-026
   1.9057119999999999E-006   8.7211306866006536E-026
   1.9501160000000002E-006   8.8560809793953976E-026
   1.9955540000000000E-006   8.9931175795201589E-026
   2.0420500000000002E-006   9.1322725231756210E-026
   2.0896299999999998E-006   9.2735826110182161E-026
   2.1383180000000000E-006   9.4170774706591300E-026
   2.1881409999999999E-006   9.5627943845050643E-026
   2.2391249999999999E-006   9.7107664223005054E-026
   2.2912959999999999E-006   9.8610254572278283E-026
   2.3446840000000002E-006   1.0013613588839881E-025
   2.3993149999999998E-006   1.0168560138014528E-025
   2.4552190000000001E-006   1.0325904549427392E-025
   2.5124249999999999E-006   1.0485682083637768E-025
   2.5709650000000001E-006   1.0647935006616975E-025
   2.6308680000000000E-006   1.0812695869909711E-025
   2.6921680000000002E-006   1.0980009617961590E-025
   2.7548950000000002E-006   1.1149908819983395E-025
   2.8190839999999998E-006   1.1322438223850066E-025
   2.8847690000000001E-006   1.1497638337721593E-025
   2.9519839999999998E-006   1.1675548211873596E-025
   3.0207650000000000E-006   1.1856210713183983E-025
   3.0911489999999998E-006   1.2039669769120779E-025
   3.1631729999999999E-006   1.2225967734903929E-025
   3.2368749999999998E-006   1.2415147994626400E-025
   3.3122939999999999E-006   1.2607254906945835E-025
   3.3894699999999999E-006   1.2802333752407114E-025
   3.4684440000000001E-006   1.3000430682366023E-025
   3.5492599999999998E-006   1.3201597628865391E-025
   3.6319570000000000E-006   1.3405872381220417E-025
   3.7165820000000001E-006   1.3613310851840836E-025
   3.8031780000000001E-006   1.3823957293078387E-025
   3.8917929999999998E-006   1.4037866363626324E-025
   3.9824710000000002E-006   1.4255081239036202E-025
   4.0752630000000002E-006   1.4475660078737310E-025
   4.1702170000000002E-006   1.4699651939796520E-025
   4.2673819999999999E-006   1.4927106430499136E-025
   4.3668119999999998E-006   1.5158082928900486E-025
   4.4685590000000002E-006   1.5392634117143946E-025
   4.5726769999999999E-006   1.5630815330457708E-025
   4.6792199999999997E-006   1.5872679914346392E-025
   4.7882460000000002E-006   1.6118288257445502E-025
   4.8998120000000004E-006   1.6367696368809393E-025
   5.0139779999999996E-006   1.6620964862820027E-025
   5.1308029999999999E-006   1.6878149991256200E-025
   5.2503509999999999E-006   1.7139316845669861E-025
   5.3726839999999998E-006   1.7404523882570737E-025
   5.4978670000000001E-006   1.7673833868423006E-025
   5.6259680000000000E-006   1.7947313694600797E-025
   5.7570530000000001E-006   1.8225023644841033E-025
   5.8911920000000002E-006   1.8507030189110013E-025
   6.0284569999999998E-006   1.8793401569798730E-025
   6.1689200000000001E-006   1.9084203585122663E-025
   6.3126560000000002E-006   1.9379505797653600E-025
   6.4597409999999998E-006   1.9679377305243732E-025
   6.6102529999999998E-006   1.9983888749113518E-025
   6.7642719999999998E-006   2.0293112230213116E-025
   6.9218789999999998E-006   2.0607119243393692E-025
   7.0831589999999997E-006   2.0925986583364291E-025
   7.2481960000000002E-006   2.1249786344297999E-025
   7.4170800000000000E-006   2.1578599648261407E-025
   7.5898980000000003E-006   2.1912498952498231E-025
   7.7667419999999996E-006   2.2251563630556728E-025
   7.9477069999999993E-006   2.2595875892243152E-025
   8.1328889999999996E-006   2.2945516884841383E-025
   8.3223850000000008E-006   2.3300566703805433E-025
   8.5162970000000002E-006   2.3661111812824074E-025
   8.7147259999999992E-006   2.4027233743810843E-025
   8.9177799999999999E-006   2.4399023845914467E-025
   9.1255639999999994E-006   2.4776564781213032E-025
   9.3381900000000008E-006   2.5159948785127034E-025
   9.5557730000000004E-006   2.5549270141987084E-025
   9.7784230000000007E-006   2.5944610922267955E-025
   1.0006260000000000E-005   2.6346067744602386E-025
   1.0239400000000001E-005   2.6753726805916517E-025
   1.0477980000000001E-005   2.7167707458593816E-025
   1.0722120000000000E-005   2.7588095730786342E-025
   1.0971940000000000E-005   2.8014974490534033E-025
   1.1227590000000000E-005   2.8448474214392166E-025
   1.1489189999999999E-005   2.8888670563984976E-025
   1.1756890000000000E-005   2.9335686236401859E-025
   1.2030820000000000E-005   2.9789606607476234E-025
   1.2311139999999999E-005   3.0250563016475441E-025
   1.2597990000000000E-005   3.0718649703131063E-025
   1.2891530000000001E-005   3.1193989699951556E-025
   1.3191900000000000E-005   3.1676669668080947E-025
   1.3499269999999999E-005   3.2166820669802878E-025
   1.3813800000000000E-005   3.2664553388453320E-025
   1.4135660000000000E-005   3.3169990144249094E-025
   1.4465030000000000E-005   3.3683264410758543E-025
   1.4802060000000001E-005   3.4204458722405432E-025
   1.5146950000000001E-005   3.4733728870963794E-025
   1.5499869999999998E-005   3.5271179719038761E-025
   1.5861020000000001E-005   3.5816957411495002E-025
   1.6230579999999999E-005   3.6371173066920006E-025
   1.6608760000000000E-005   3.6933978185878630E-025
   1.6995740000000000E-005   3.7505474800534358E-025
   1.7391730000000000E-005   3.8085804902618236E-025
   1.7796960000000000E-005   3.8675134398179320E-025
   1.8211629999999999E-005   3.9273580256977591E-025
   1.8635970000000000E-005   3.9881297918604684E-025
   1.9070180000000001E-005   4.0498394838381108E-025
   1.9514519999999999E-005   4.1125058707918218E-025
   1.9969209999999999E-005   4.1761414937065624E-025
   2.0434490000000002E-005   4.2407611970792880E-025
   2.0910610000000000E-005   4.3063806638908688E-025
   2.1397829999999999E-005   4.3730163782657170E-025
   2.1896399999999999E-005   4.4406828850653602E-025
   2.2406589999999999E-005   4.5093968829805418E-025
   2.2928660000000000E-005   4.5791731429418795E-025
   2.3462899999999999E-005   4.6500298606665601E-025
   2.4009580000000000E-005   4.7219819650352246E-025
   2.4569000000000001E-005   4.7950477416652287E-025
   2.5141470000000001E-005   4.8692461172832488E-025
   2.5727260000000001E-005   4.9445902219456348E-025
   2.6326710000000001E-005   5.0211015898785034E-025
   2.6940120000000001E-005   5.0987959550129820E-025
   2.7567819999999999E-005   5.1776922290100815E-025
   2.8210150000000000E-005   5.2578098895584851E-025
   2.8867450000000001E-005   5.3391677187975938E-025
   2.9540059999999999E-005   5.4217838227456723E-025
   3.0228339999999999E-005   5.5056780789372562E-025
   3.0932670000000001E-005   5.5908720624392381E-025
   3.1653399999999997E-005   5.6773829950343851E-025
   3.2390920000000003E-005   5.7652322097247273E-025
   3.3145629999999999E-005   5.8544414554357566E-025
   3.3917919999999997E-005   5.9450305362411908E-025
   3.4708210000000002E-005   6.0370220160209201E-025
   3.5516909999999999E-005   6.1304365032797412E-025
   3.6344450000000001E-005   6.2252961432940381E-025
   3.7191280000000003E-005   6.3216245522090367E-025
   3.8057830000000002E-005   6.4194422548119915E-025
   3.8944589999999999E-005   6.5187757212607320E-025
   3.9851990000000003E-005   6.6196438444139793E-025
   4.0780540000000003E-005   6.7220736039797813E-025
   4.1730729999999999E-005   6.8260888465465372E-025
   4.2703059999999998E-005   6.9317136414941106E-025
   4.3698039999999997E-005   7.0389722640025758E-025
   4.4716209999999998E-005   7.1478913100013766E-025
   4.5758089999999997E-005   7.2584943112885714E-025
   4.6824250000000002E-005   7.3708091888934642E-025
   4.7915260000000002E-005   7.4848628702749635E-025
   4.9031689999999999E-005   7.6006813169087821E-025
   5.0174119999999999E-005   7.7182905770185951E-025
   5.1343179999999999E-005   7.8377208439340515E-025
   5.2539479999999999E-005   7.9589992191893077E-025
   5.3763649999999998E-005   8.0821538281264274E-025
   5.5016340000000000E-005   8.2072137712766523E-025
   5.6298219999999997E-005   8.3342090771057452E-025
   5.7609969999999997E-005   8.4631696767343753E-025
   5.8952280000000000E-005   8.5941253967890412E-025
   6.0325870000000003E-005   8.7271078815656438E-025
   6.1731460000000001E-005   8.8621476417797881E-025
   6.3169800000000006E-005   8.9992769356485871E-025
   6.4641659999999999E-005   9.1385287488508878E-025
   6.6147810000000005E-005   9.2799348845220072E-025
   6.7689059999999999E-005   9.4235297089960714E-025
   6.9266209999999998E-005   9.5693454375273992E-025
   7.0880119999999994E-005   9.7174186018538805E-025
   7.2531620000000003E-005   9.8677817110879422E-025
   7.4221599999999994E-005   1.0020471492431946E-024
   7.5950970000000003E-005   1.0175525146112622E-024
   7.7720629999999998E-005   1.0332977654855212E-024
   7.9531520000000004E-005   1.0492866252874042E-024
   8.1384609999999994E-005   1.0655229454772944E-024
   8.3280859999999995E-005   1.0820103528614420E-024
   8.5221309999999997E-005   1.0987530303619636E-024
   8.7206960000000004E-005   1.1157546709511568E-024
   8.9238889999999996E-005   1.1330195105418817E-024
   9.1318150000000006E-005   1.1505513820061257E-024
   9.3445870000000004E-005   1.1683546459074991E-024
   9.5623200000000003E-005   1.1864336727076960E-024
   9.7851130000000004E-005   1.2047913632771186E-024
   1.0013110000000000E-004   1.2234341722735855E-024
   1.0246420000000000E-004   1.2423655049115409E-024
   1.0485160000000000E-004   1.2615892800012476E-024
   1.0729459999999999E-004   1.2811103073131535E-024
   1.0979460000000000E-004   1.3009340152514640E-024
   1.1235280000000000E-004   1.3210640737790394E-024
   1.1497060000000001E-004   1.3415055710647604E-024
   1.1764940000000000E-004   1.3622634142937500E-024
   1.2039070000000000E-004   1.3833431007209071E-024
   1.2319579999999999E-004   1.4047484128160388E-024
   1.2606620000000000E-004   1.4264844991629295E-024
   1.2900349999999999E-004   1.4485570725426221E-024
   1.3200939999999999E-004   1.4709723864944254E-024
   1.3508520000000000E-004   1.4937335265549761E-024
   1.3823260000000000E-004   1.5168463812713737E-024
   1.4145350000000000E-004   1.5403180825050238E-024
   1.4474930000000000E-004   1.5641519128935443E-024
   1.4812199999999999E-004   1.5883553138625614E-024
   1.5157319999999999E-004   1.6129326317353591E-024
   1.5510489999999999E-004   1.6378908649616341E-024
   1.5871890000000000E-004   1.6632353697960834E-024
   1.6241699999999999E-004   1.6889713068525115E-024
   1.6620130000000001E-004   1.7151057106742652E-024
   1.7007380000000000E-004   1.7416446856047546E-024
   1.7403650000000001E-004   1.7685941161046908E-024
   1.7809160000000000E-004   1.7959610175846129E-024
   1.8224110000000001E-004   1.8237508225064727E-024
   1.8648739999999999E-004   1.8519714105817481E-024
   1.9083250000000000E-004   1.8806277575453155E-024
   1.9527880000000001E-004   1.9097272588137574E-024
   1.9982889999999999E-004   1.9392783415919549E-024
   2.0448490000000001E-004   1.9692859284077832E-024
   2.0924930000000000E-004   1.9997573018526130E-024
   2.1412490000000001E-004   2.0307013807783261E-024
   2.1911399999999999E-004   2.0621236357724555E-024
   2.2421930000000000E-004   2.0940318209663410E-024
   2.2944369999999999E-004   2.1264346494562626E-024
   2.3478970000000000E-004   2.1593380750190623E-024
   2.4026030000000000E-004   2.1927508701809922E-024
   2.4585839999999998E-004   2.2266808939687483E-024
   2.5158690000000002E-004   2.2611357226414684E-024
   2.5744880000000002E-004   2.2961232522775219E-024
   2.6344740000000001E-004   2.3316528639998816E-024
   2.6958579999999998E-004   2.3677324367946174E-024
   2.7586709999999999E-004   2.4043695634315579E-024
   2.8229479999999999E-004   2.4415738651043946E-024
   2.8887219999999998E-004   2.4793534782014605E-024
   2.9560300000000002E-004   2.5177185143135001E-024
   3.0249049999999999E-004   2.5566764741500858E-024
   3.0953850000000000E-004   2.5962373759576882E-024
   3.1675079999999998E-004   2.6364108824763834E-024
   3.2413110000000000E-004   2.6772057601197985E-024
   3.3168329999999998E-004   2.7186315490091801E-024
   3.3941149999999997E-004   2.7606985304059090E-024
   3.4731989999999999E-004   2.8034171568685591E-024
   3.5541240000000002E-004   2.8467959059496119E-024
   3.6369350000000001E-004   2.8908461210040943E-024
   3.7216760000000000E-004   2.9355782179559250E-024
   3.8083909999999998E-004   2.9810022382841248E-024
   3.8971260000000000E-004   3.0271288952842657E-024
   3.9879290000000001E-004   3.0739695448963577E-024
   4.0808480000000002E-004   3.1215351373970418E-024
   4.1759320000000003E-004   3.1698367347878006E-024
   4.2732309999999999E-004   3.2188855026225559E-024
   4.3727980000000000E-004   3.2686936987966183E-024
   4.4746839999999999E-004   3.3192721551973776E-024
   4.5789440000000000E-004   3.3706332721549055E-024
   4.6856330000000001E-004   3.4227890068279955E-024
   4.7948089999999999E-004   3.4757523354044307E-024
   4.9065280000000001E-004   3.5295348120367237E-024
   5.0208489999999995E-004   3.5841489979334812E-024
   5.1378350000000003E-004   3.6396088911840907E-024
   5.2575470000000004E-004   3.6959270554408676E-024
   5.3800479999999997E-004   3.7531165297739419E-024
   5.5054029999999996E-004   3.8111908061067056E-024
   5.6336790000000004E-004   3.8701638072842564E-024
   5.7649429999999998E-004   3.9300489568098241E-024
   5.8992660000000004E-004   3.9908609969073893E-024
   6.0367190000000005E-004   4.0526141431898046E-024
   6.1773749999999999E-004   4.1153229876366993E-024
   6.3213080000000001E-004   4.1790020384077162E-024
   6.4685950000000002E-004   4.2436665925381929E-024
   6.6193130000000004E-004   4.3093313985922987E-024
   6.7735430000000001E-004   4.3760123948833044E-024
   6.9313670000000003E-004   4.4437253766014013E-024
   7.0928669999999997E-004   4.5124855713453925E-024
   7.2581309999999999E-004   4.5823101804949850E-024
   7.4272460000000004E-004   4.6532153747514402E-024
   7.6003010000000001E-004   4.7252175706006226E-024
   7.7773869999999995E-004   4.7983334151893525E-024
   7.9586000000000001E-004   4.8725809961773445E-024
   8.1440349999999996E-004   4.9479773505328846E-024
   8.3337920000000005E-004   5.0245409096933905E-024
   8.5279690000000005E-004   5.1022886481760919E-024
   8.7266709999999996E-004   5.1812396948933980E-024
   8.9300019999999998E-004   5.2614121026189298E-024
   9.1380710000000002E-004   5.3428252208235410E-024
   9.3509880000000004E-004   5.4254980925364720E-024
   9.5688659999999999E-004   5.5094502267280017E-024
   9.7918209999999992E-004   5.5947015737080962E-024
   1.0019969999999999E-003   5.6812717452681462E-024
   1.0253440000000001E-003   5.7691833963989221E-024
   1.0492340000000000E-003   5.8584516793772507E-024
   1.0736809999999999E-003   5.9491026221572670E-024
   1.0986979999999999E-003   6.0411576791581584E-024
   1.1242979999999999E-003   6.1346375333383367E-024
   1.1504930000000000E-003   6.2295585082023673E-024
   1.1773000000000000E-003   6.3259542204220052E-024
   1.2047309999999999E-003   6.4238393661351511E-024
   1.2328020000000001E-003   6.5232421782975462E-024
   1.2615260000000000E-003   6.6241794012361984E-024
   1.2909200000000001E-003   6.7266810356246912E-024
   1.3209970000000000E-003   6.8307622488573793E-024
   1.3517770000000000E-003   6.9364615601662863E-024
   1.3832730000000000E-003   7.0437924177771267E-024
   1.4155039999999999E-003   7.1527879348919905E-024
   1.4484850000000000E-003   7.2634667052597126E-024
   1.4822349999999999E-003   7.3758598844032986E-024
   1.5167710000000001E-003   7.4899909517211545E-024
   1.5521120000000000E-003   7.6058890593372012E-024
   1.5882760000000000E-003   7.7235790817037003E-024
   1.6252820000000000E-003   7.8430882024796516E-024
   1.6631520000000000E-003   7.9644522028995476E-024
   1.7019040000000000E-003   8.0876929467205156E-024
   1.7415569999999999E-003   8.2128346172464861E-024
   1.7821359999999999E-003   8.3399192214124052E-024
   1.8236600000000000E-003   8.4689687491206433E-024
   1.8661500000000000E-003   8.6000104991184852E-024
   1.9096320000000001E-003   8.7330860162468122E-024
   1.9541260000000000E-003   8.8682172574598580E-024
   1.9996570000000002E-003   9.0054403492237006E-024
   2.0462499999999999E-003   9.1447901430830242E-024
   2.0939280000000001E-003   9.2862943373710346E-024
   2.1427159999999998E-003   9.4299854735744495E-024
   2.1926409999999999E-003   9.5759007423653293E-024
   2.2437300000000002E-003   9.7240760158395480E-024
   2.2960089999999999E-003   9.8745430167243622E-024
   2.3495059999999999E-003   1.0027337999574980E-023
   2.4042489999999998E-003   1.0182495919892053E-023
   2.4602679999999998E-003   1.0340056074403631E-023
   2.5175929999999998E-003   1.0500056361885891E-023
   2.5762530000000001E-003   1.0662530562760962E-023
   2.6362790000000001E-003   1.0827516697084256E-023
   2.6977040000000000E-003   1.0995056851209424E-023
   2.7605609999999999E-003   1.1165191616036333E-023
   2.8248819999999999E-003   1.1337957452681851E-023
   2.8907009999999999E-003   1.1513394801437771E-023
   2.9580549999999998E-003   1.1691550552334024E-023
   3.0269780000000000E-003   1.1872462095225427E-023
   3.0975059999999999E-003   1.2056170639116547E-023
   3.1696780000000000E-003   1.2242723628725990E-023
   3.2435319999999999E-003   1.2432164270514877E-023
   3.3191060000000001E-003   1.2624534212579527E-023
   3.3964410000000000E-003   1.2819881137954029E-023
   3.4755780000000000E-003   1.3018251028327307E-023
   3.5565589999999999E-003   1.3219690689507357E-023
   3.6394270000000002E-003   1.3424247703461031E-023
   3.7242260000000002E-003   1.3631970381867928E-023
   3.8110000000000002E-003   1.3842905299590561E-023
   3.8997960000000001E-003   1.4057104552924478E-023
   3.9906610000000004E-003   1.4274618378311963E-023
   4.0836440000000000E-003   1.4495499937151250E-023
   4.1787930000000001E-003   1.4719798141018027E-023
   4.2761589999999999E-003   1.4947567116216124E-023
   4.3757930000000002E-003   1.5178859049912139E-023
   4.4777489999999996E-003   1.5413731129225139E-023
   4.5820799999999997E-003   1.5652236222439089E-023
   4.6888429999999998E-003   1.5894434322561837E-023
   4.7980929999999998E-003   1.6140378800845485E-023
   4.9098889999999997E-003   1.6390129990434112E-023
   5.0242890000000004E-003   1.6643743859676299E-023
   5.1413550000000002E-003   1.6901283114648992E-023
   5.2611489999999997E-003   1.7162808222978692E-023
   5.3837329999999999E-003   1.7428377476341265E-023
   5.5091749999999998E-003   1.7698059901958801E-023
   5.6375380000000001E-003   1.7971911454018104E-023
   5.7688929999999998E-003   1.8250002904604920E-023
   5.9033080000000003E-003   1.8532396237029360E-023
   6.0408550000000004E-003   1.8819159493320451E-023
   6.1816070000000004E-003   1.9110360338173863E-023
   6.3256390000000001E-003   1.9406068093925421E-023
   6.4730250000000003E-003   1.9706347564165304E-023
   6.6238479999999999E-003   2.0011279322208872E-023
   6.7781819999999998E-003   2.0320923110080630E-023
   6.9361149999999996E-003   2.0635364221675955E-023
   7.0977260000000004E-003   2.0954667238270883E-023
   7.2631029999999999E-003   2.1278911944024421E-023
   7.4323330000000002E-003   2.1608173341494049E-023
   7.6055070000000001E-003   2.1942531421869662E-023
   7.7827149999999999E-003   2.2282061404281104E-023
   7.9640530000000005E-003   2.2626847147686722E-023
   8.1496150000000007E-003   2.2976965757601675E-023
   8.3395009999999992E-003   2.3332502735236488E-023
   8.5338110000000005E-003   2.3693540524051241E-023
   8.7326490000000003E-003   2.4060165942608877E-023
   8.9361200000000005E-003   2.4432464519814914E-023
   9.1443310000000003E-003   2.4810522321581935E-023
   9.3573939999999998E-003   2.5194431284802176E-023
   9.5754220000000001E-003   2.5584281837426950E-023
   9.7985299999999997E-003   2.5980164690252001E-023
   1.0026840000000000E-002   2.6382179564263895E-023
   1.0260460000000001E-002   2.6790398259421253E-023
   1.0499530000000000E-002   2.7204945144496126E-023
   1.0744160000000001E-002   2.7625888848105871E-023
   1.0994510000000001E-002   2.8053380423758406E-023
   1.1250680000000001E-002   2.8487464494981207E-023
   1.1512820000000000E-002   2.8928267524251526E-023
   1.1781069999999999E-002   2.9375894940704687E-023
   1.2055570000000000E-002   2.9830448389902134E-023
   1.2336470000000000E-002   3.0292042210342581E-023
   1.2623900000000000E-002   3.0760754178406924E-023
   1.2918040000000000E-002   3.1236739707279204E-023
   1.3219030000000000E-002   3.1720084882591224E-023
   1.3527030000000001E-002   3.2210904296843596E-023
   1.3842220000000001E-002   3.2709339934301552E-023
   1.4164730000000000E-002   3.3215450651825560E-023
   1.4494770000000001E-002   3.3729416974794429E-023
   1.4832500000000000E-002   3.4251336305150873E-023
   1.5178100000000000E-002   3.4781332960633701E-023
   1.5531750000000000E-002   3.5319526795634245E-023
   1.5893640000000001E-002   3.5866048371280105E-023
   1.6263960000000001E-002   3.6421023575112683E-023
   1.6642910000000000E-002   3.6984588567205518E-023
   1.7030690000000001E-002   3.7556874641296251E-023
   1.7427510000000000E-002   3.8138022950147554E-023
   1.7833570000000000E-002   3.8728155126629836E-023
   1.8249089999999999E-002   3.9327417078919261E-023
   1.8674290000000000E-002   3.9935949508075773E-023
   1.9109399999999999E-002   4.0553902201411329E-023
   1.9554650000000000E-002   4.1181419595025605E-023
   2.0010279999999998E-002   4.1818654855787538E-023
   2.0476510000000000E-002   4.2465728018523839E-023
   2.0953619999999999E-002   4.3122836957721690E-023
   2.1441829999999999E-002   4.3790090992823380E-023
   2.1941430000000001E-002   4.4467689836982478E-023
   2.2452670000000001E-002   4.5155772626820598E-023
   2.2975809999999999E-002   4.5854486683656583E-023
   2.3511150000000001E-002   4.6564026765461642E-023
   2.4058960000000001E-002   4.7284541486643105E-023
   2.4619530000000001E-002   4.8016200017136247E-023
   2.5193170000000001E-002   4.8759191247315764E-023
   2.5780170000000002E-002   4.9513671757200693E-023
   2.6380839999999999E-002   5.0279817805290292E-023
   2.6995530000000000E-002   5.1057849742090221E-023
   2.7624510000000001E-002   5.1847880110940838E-023
   2.8268169999999999E-002   5.2650166019436420E-023
   2.8926810000000001E-002   5.3464844827645638E-023
   2.9600810000000002E-002   5.4292146489065502E-023
   3.0290510000000000E-002   5.5132244362925664E-023
   3.0996280000000001E-002   5.5985341576706392E-023
   3.1718490000000002E-002   5.6851633982934101E-023
   3.2457529999999998E-002   5.7731334079179119E-023
   3.3213790000000000E-002   5.8624646768362601E-023
   3.3987679999999999E-002   5.9531792925526320E-023
   3.4779579999999997E-002   6.0452950775129336E-023
   3.5589950000000002E-002   6.1388383931821316E-023
   3.6419199999999999E-002   6.2338289733034956E-023
   3.7267769999999999E-002   6.3302892260489583E-023
   3.8136099999999999E-002   6.4282407539890687E-023
   3.9024679999999999E-002   6.5277099525870524E-023
   3.9933950000000003E-002   6.6287167533064249E-023
   4.0864409999999997E-002   6.7312869402554435E-023
   4.1816560000000003E-002   6.8354453815258350E-023
   4.2790880000000003E-002   6.9412138917186686E-023
   4.3787899999999998E-002   7.0486188516712376E-023
   4.4808160000000000E-002   7.1576867668968346E-023
   4.5852200000000003E-002   7.2684431962592616E-023
   4.6920549999999998E-002   7.3809117297068943E-023
   4.8013800000000002E-002   7.4951213392759038E-023
   4.9132530000000001E-002   7.6110989362850670E-023
   5.0277309999999999E-002   7.7288694392181217E-023
   5.1448780000000000E-002   7.8484639762487570E-023
   5.2647529999999998E-002   7.9699075288144447E-023
   5.3874209999999999E-002   8.0932301712419533E-023
   5.5129490000000003E-002   8.2184628924203031E-023
   5.6413999999999999E-002   8.3456316323217243E-023
   5.7728450000000001E-002   8.4747692078718163E-023
   5.9073519999999997E-002   8.6059043581968396E-023
   6.0449940000000001E-002   8.7390695984217644E-023
   6.1858419999999997E-002   8.8742943705029645E-023
   6.3299720000000004E-002   9.0116117924100965E-023
   6.4774600000000002E-002   9.1510537982737342E-023
   6.6283850000000005E-002   9.2926539754213826E-023
   6.7828260000000001E-002   9.4364447073727068E-023
   6.9408659999999997E-002   9.5824608892519890E-023
   7.1025880000000000E-002   9.7307361669695713E-023
   7.2680780000000000E-002   9.8813056913748811E-023
   7.4374250000000003E-002   1.0034206048836436E-022
   7.6107170000000002E-002   1.0189471623501774E-022
   7.7880459999999999E-002   1.0347139096810129E-022
   7.9695080000000001E-002   1.0507247347706496E-022
   8.1551970000000001E-002   1.0669832122071648E-022
   8.3452129999999999E-002   1.0834933062716456E-022
   8.5396570000000005E-002   1.1002589253309288E-022
   8.7386309999999995E-002   1.1172839225273193E-022
   8.9422409999999994E-002   1.1345723502432392E-022
   9.1505950000000003E-002   1.1521282832484867E-022
   9.3638040000000006E-002   1.1699558996812567E-022
   9.5819779999999993E-002   1.1880591449997465E-022
   9.8033679999999998E-002   1.2062893281644449E-022
  0.10029870000000000        1.2247989857241881E-022
  0.10261620000000000        1.2435938552274205E-022
  0.10498720000000000        1.2626767512738322E-022
  0.10741280000000000        1.2820510160340239E-022
  0.10989460000000000        1.3017238152447754E-022
  0.11243370000000000        1.3216981553615363E-022
  0.11503149999999999        1.3419792601552599E-022
  0.11768919999999999        1.3625706266688971E-022
  0.12040840000000000        1.3834786846873773E-022
  0.12319049999999999        1.4047081234556760E-022
  0.12603680000000000        1.4262627094760545E-022
  0.12894880000000000        1.4481475659657702E-022
  0.13192820000000000        1.4703691203321692E-022
  0.13497640000000000        1.4929313659859911E-022
  0.13809500000000000        1.5158396110182371E-022
  0.14128560000000001        1.5390989747182045E-022
  0.14455009999999999        1.5627165550289972E-022
  0.14788979999999999        1.5866949144077343E-022
  0.15130689999999999        1.6110428964769335E-022
  0.15480279999999999        1.6357634118929315E-022
  0.15837960000000001        1.6608641461229198E-022
  0.16203890000000001        1.6863490522847162E-022
  0.16578280000000001        1.7122253749765731E-022
  0.16961309999999999        1.7384980579150094E-022
  0.17353199999999999        1.7651745753035791E-022
  0.17754149999999999        1.7922607964025975E-022
  0.18164359999999999        1.8197623792349269E-022
  0.18584039999999999        1.8476854394196205E-022
  0.19013420000000000        1.8760371887560445E-022
  0.19270399999999999        1.8929033290023369E-022
  0.19530850000000000        1.9099208878267442E-022
  0.19794819999999999        1.9270914296579279E-022
  0.20062350000000001        1.9444158404926201E-022
  0.20333509999999999        1.9618969157912313E-022
  0.20608330000000000        1.9795348352064113E-022
  0.20886859999999999        1.9973310455781951E-022
  0.21169150000000000        2.0152869633909883E-022
  0.21455270000000001        2.0334052389265170E-022
  0.21745239999999999        2.0516853254990747E-022
  0.22039139999999999        2.0701304385892304E-022
  0.22337009999999999        2.0887412380503935E-022
  0.22638910000000001        2.1075196083470208E-022
  0.22944880000000001        2.1264661598050950E-022
  0.23254990000000000        2.1455833322402114E-022
  0.23569300000000001        2.1648729047367073E-022
  0.23887849999999999        2.1843354004198184E-022
  0.24210699999999999        2.2039725418032490E-022
  0.24537929999999999        2.2237872240259136E-022
  0.24869569999999999        2.2437792780945968E-022
  0.25205689999999997        2.2639509279761090E-022
  0.25546360000000001        2.2843043528484433E-022
  0.25891629999999999        2.3048405008634601E-022
  0.26241569999999997        2.3255614795525540E-022
  0.26596239999999999        2.3464687653667501E-022
  0.26955699999999999        2.3675638030154909E-022
  0.27320020000000000        2.3888485889372395E-022
  0.27689259999999999        2.4103244981675307E-022
  0.28063500000000002        2.4319940311508142E-022
  0.28442790000000001        2.4538579126894949E-022
  0.28715540000000001        2.4695203376330216E-022
  0.28990899999999997        2.4852824170993168E-022
  0.29268909999999998        2.5011456420854882E-022
  0.29549579999999998        2.5171097795341503E-022
  0.29832940000000002        2.5331757299883481E-022
  0.30119020000000002        2.5493443810724141E-022
  0.30407849999999997        2.5656166076311629E-022
  0.30699450000000000        2.5819927111648441E-022
  0.30993830000000000        2.5984724288713340E-022
  0.31291039999999998        2.6150577283386401E-022
  0.31591100000000000        2.6317488845327286E-022
  0.31894050000000002        2.6485472745736587E-022
  0.32199889999999998        2.6654520490983979E-022
  0.32508670000000001        2.6824651184290834E-022
  0.32820400000000000        2.6995861736606410E-022
  0.33135130000000002        2.7168170946468849E-022
  0.33452880000000002        2.7341581011561388E-022
  0.33773670000000000        2.7516094085126227E-022
  0.34097539999999998        2.7691723105148613E-022
  0.34424519999999997        2.7868475432075154E-022
  0.34754629999999997        2.8046352936357565E-022
  0.35087910000000000        2.8225368173541579E-022
  0.35424380000000000        2.8405522831631852E-022
  0.35764079999999998        2.8586829217803470E-022
  0.36107030000000001        2.8769288842453268E-022
  0.36453279999999999        2.8952919064611942E-022
  0.36802849999999998        2.9137721171396434E-022
  0.37155759999999999        2.9323696415980195E-022
  0.37512060000000003        2.9510861752350511E-022
  0.37871779999999999        2.9699223445974308E-022
  0.38153470000000000        2.9846309876033937E-022
  0.38437260000000001        2.9994127249649920E-022
  0.38723170000000001        3.0142681447627557E-022
  0.39011200000000001        3.0291967932855311E-022
  0.39301360000000002        3.0441987370111655E-022
  0.39593689999999998        3.0592755864487156E-022
  0.39888200000000001        3.0744273940514669E-022
  0.40184890000000001        3.0896536984933677E-022
  0.40483789999999997        3.1049555762458530E-022
  0.40784900000000002        3.1203325623626735E-022
  0.41088279999999999        3.1357872485352373E-022
  0.41393890000000000        3.1513171248895900E-022
  0.41701790000000000        3.1669247683932750E-022
  0.42011969999999998        3.1826091947202981E-022
  0.42324460000000003        3.1983714436819824E-022
  0.42639270000000001        3.2142115390669614E-022
  0.42956430000000001        3.2301305063337121E-022
  0.43275940000000002        3.2461278599286556E-022
  0.43597829999999999        3.2622046148692855E-022
  0.43922119999999998        3.2783612778633301E-022
  0.44248820000000000        3.2945978535264080E-022
  0.44577939999999999        3.3109143457037873E-022
  0.44909520000000003        3.3273122392734766E-022
  0.45243559999999999        3.3437910329177607E-022
  0.45580090000000001        3.3603517040019344E-022
  0.45919120000000002        3.3769942389657891E-022
  0.46260669999999998        3.3937191127129711E-022
  0.46604760000000001        3.4105267947302427E-022
  0.46951419999999999        3.4274182357964519E-022
  0.47300639999999999        3.4443924347213454E-022
  0.47588110000000000        3.4583338844553113E-022
  0.47877320000000001        3.4723314199636417E-022
  0.48168290000000002        3.4863857244330716E-022
  0.48461029999999999        3.5004969936504046E-022
  0.48755540000000003        3.5146649408952055E-022
  0.49051850000000002        3.5288907202576585E-022
  0.49349959999999998        3.5431740402427056E-022
  0.49649870000000002        3.5575146113507386E-022
  0.49951620000000002        3.5719140529388145E-022
  0.50255190000000005        3.5863711164326928E-022
  0.50560620000000001        3.6008874117337429E-022
  0.50867890000000004        3.6154616923950830E-022
  0.51177039999999996        3.6300955589441419E-022
  0.51488049999999996        3.6447877670963349E-022
  0.51800970000000002        3.6595403790609347E-022
  0.52115780000000000        3.6743521498994997E-022
  0.52432509999999999        3.6892241897196857E-022
  0.52751159999999997        3.7041561949355091E-022
  0.53071760000000001        3.7191492655974070E-022
  0.53394290000000000        3.7342021613091857E-022
  0.53718790000000005        3.7493164431161686E-022
  0.54045259999999995        3.7644918016694105E-022
  0.54373720000000003        3.7797288565905370E-022
  0.54704160000000002        3.7950268346618398E-022
  0.55036620000000003        3.8103872763184221E-022
  0.55371099999999995        3.8258098667041117E-022
  0.55707609999999996        3.8412947528149548E-022
  0.56046169999999995        3.8568425388566518E-022
  0.56386780000000003        3.8724529080978563E-022
  0.56729459999999998        3.8881264598212295E-022
  0.57020959999999998        3.9014343065075067E-022
  0.57313950000000002        3.9147873443291664E-022
  0.57608459999999995        3.9281867448939639E-022
  0.57904469999999997        3.9416314025770211E-022
  0.58201999999999998        3.9551220312291897E-022
  0.58501060000000005        3.9686588873792051E-022
  0.58801669999999995        3.9822426770950096E-022
  0.59103810000000001        3.9958722985515077E-022
  0.59407500000000002        4.0095484570304721E-022
  0.59712759999999998        4.0232718528089608E-022
  0.60019590000000000        4.0370422843555125E-022
  0.60327989999999998        4.0508595513050818E-022
  0.60637980000000002        4.0647243482253440E-022
  0.60949549999999997        4.0786360263787069E-022
  0.61262740000000004        4.0925961680487252E-022
  0.61577519999999997        4.1066032323218698E-022
  0.61893940000000003        4.1206592393124790E-022
  0.62211970000000005        4.1347626504842782E-022
  0.62531639999999999        4.1489145915431347E-022
  0.62852940000000002        4.1631144140256050E-022
  0.63175899999999996        4.1773632369556845E-022
  0.63500529999999999        4.1916612913859718E-022
  0.63826810000000000        4.2060074886308635E-022
  0.64154770000000005        4.2204029400429340E-022
  0.64484419999999998        4.2348478735570469E-022
  0.64815780000000001        4.2493429524058715E-022
  0.65148819999999996        4.2638866534635901E-022
  0.65483570000000002        4.2784800772458193E-022
  0.65820060000000002        4.2931243165571681E-022
  0.66158260000000002        4.3078178519735588E-022
  0.66452739999999999        4.3205915349841811E-022
  0.66748510000000005        4.3334021958592580E-022
  0.67045619999999995        4.3462518595995991E-022
  0.67344040000000005        4.3591390868779833E-022
  0.67643790000000004        4.3720646012019854E-022
  0.67944879999999996        4.3850286914277957E-022
  0.68247310000000005        4.3980312149602224E-022
  0.68551079999999998        4.4110720299200680E-022
  0.68856200000000001        4.4241514234898174E-022
  0.69162679999999999        4.4372696810308455E-022
  0.69470529999999997        4.4504270860915703E-022
  0.69779749999999996        4.4636234939667601E-022
  0.70090339999999995        4.4768587606777976E-022
  0.70402310000000001        4.4901331681594591E-022
  0.70715680000000003        4.5034474211137760E-022
  0.71030430000000000        4.5168005242227371E-022
  0.71346589999999999        4.5301936044431004E-022
  0.71664159999999999        4.5436265139100848E-022
  0.71983149999999996        4.5570995275526681E-022
  0.72303539999999999        4.5706116542581823E-022
  0.72625370000000000        4.5841644334736902E-022
  0.72948630000000003        4.5977572945073005E-022
  0.73273330000000003        4.6113905090274074E-022
  0.73599470000000000        4.6250639280257618E-022
  0.73927069999999995        4.6387782398847051E-022
  0.74256120000000003        4.6525328756806507E-022
  0.74586629999999998        4.6663281038871590E-022
  0.74918620000000002        4.6801646077280836E-022
  0.75252090000000005        4.6940422345536736E-022
  0.75587040000000005        4.7079608324797136E-022
  0.75883809999999996        4.7202757201329667E-022
  0.76181730000000003        4.7326221919139470E-022
  0.76480830000000000        4.7450013861633426E-022
  0.76781100000000002        4.7574127829171981E-022
  0.77082550000000005        4.7698566899048957E-022
  0.77385190000000004        4.7823334131689298E-022
  0.77689010000000003        4.7948424341590508E-022
  0.77994019999999997        4.8073840587853218E-022
  0.78300239999999999        4.8199590016640732E-022
  0.78607640000000001        4.8325659243638935E-022
  0.78916260000000005        4.8452063605373824E-022
  0.79226110000000005        4.8578806094224771E-022
  0.79537150000000001        4.8705869273848278E-022
  0.79849429999999999        4.8833272492042648E-022
  0.80162920000000004        4.8961002420529261E-022
  0.80477650000000001        4.9089070198556802E-022
  0.80793610000000005        4.9217470661763279E-022
  0.81110819999999995        4.9346210839468825E-022
  0.81429269999999998        4.9475285571747306E-022
  0.81748960000000004        4.9604693770009665E-022
  0.82069910000000001        4.9734442430532363E-022
  0.82392129999999997        4.9864534477518216E-022
  0.82715609999999995        4.9994964760092396E-022
  0.83040369999999997        5.0125740225993283E-022
  0.83366379999999995        5.0256847691073844E-022
  0.83693689999999998        5.0388306148782611E-022
  0.84022280000000005        5.0520106433354049E-022
  0.84352159999999998        5.0652251435638413E-022
  0.84683339999999996        5.0784744030542169E-022
  0.85015810000000003        5.0917579091503220E-022
  0.85314389999999996        5.1036726229651408E-022
  0.85614009999999996        5.1156148734900838E-022
  0.85914690000000005        5.1275853764000382E-022
  0.86216420000000005        5.1395836517209829E-022
  0.86519219999999997        5.1516104125211956E-022
  0.86823079999999997        5.1636651790144340E-022
  0.87128000000000005        5.1757478696219424E-022
  0.87433989999999995        5.1878587986539170E-022
  0.87741069999999999        5.1999986739991075E-022
  0.88049210000000000        5.2121662269801327E-022
  0.88358440000000005        5.2243625598609307E-022
  0.88668760000000002        5.2365875885469552E-022
  0.88980170000000003        5.2488412292762424E-022
  0.89292669999999996        5.2611233986189344E-022
  0.89606260000000004        5.2734340134768456E-022
  0.89920960000000005        5.2857737748489019E-022
  0.90236769999999999        5.2981425975526954E-022
  0.90553680000000003        5.3105400057744432E-022
  0.90871710000000006        5.3229666973975316E-022
  0.91190850000000001        5.3354221968230589E-022
  0.91511120000000001        5.3479071994123440E-022
  0.91832510000000001        5.3604212297869883E-022
  0.92155019999999999        5.3729642034176688E-022
  0.92478669999999996        5.3855368125848223E-022
  0.92803460000000004        5.3981389707123260E-022
  0.93129390000000001        5.4107705915666054E-022
  0.93456450000000002        5.4234312023786062E-022
  0.93784670000000003        5.4361218782312890E-022
  0.94114050000000005        5.4488425312064829E-022
  0.94444580000000000        5.4615926882093809E-022
  0.94744629999999996        5.4731542084977740E-022
  0.95045630000000003        5.4847400777849348E-022
  0.95347590000000004        5.4963506161941191E-022
  0.95650489999999999        5.5079849907657453E-022
  0.95954419999999996        5.5196465904194829E-022
  0.96259220000000001        5.5313292125727935E-022
  0.96565060000000003        5.5430393092703016E-022
  0.96871859999999999        5.5547737483566400E-022
  0.97179610000000005        5.5665320839639360E-022
  0.97488319999999995        5.5783146350083896E-022
  0.97798070000000004        5.5901243864837331E-022
  0.98108779999999995        5.6019582201197435E-022
  0.98420450000000004        5.6138160728572662E-022
  0.98733159999999998        5.6257009207398403E-022
  0.99046829999999997        5.6376096558758798E-022
  0.99361549999999998        5.6495456274174531E-022
  0.99677220000000000        5.6615049758636496E-022
  0.99993840000000001        5.6734876405300324E-022
   1.0031150000000000        5.6854969616636992E-022
   1.0063020000000000        5.6975328682532937E-022
   1.0094989999999999        5.7095937813049299E-022
   1.0127070000000000        5.7216834016810505E-022
   1.0159229999999999        5.7337903641061851E-022
   1.0191520000000001        5.7459334203839204E-022
   1.0223899999999999        5.7580974510739966E-022
   1.0256369999999999        5.7702824033268565E-022
   1.0288960000000000        5.7824994647066035E-022
   1.0321650000000000        5.7947410616030318E-022
   1.0354440000000000        5.8070071299742105E-022
   1.0387329999999999        5.8192976060142440E-022
