# frequency, hf_mean, hf_min, hf_max
 0.027    116 0 0
0.97650E-07 0.58629E-23 0.45376E-24 0.37829E-22
0.99926E-07 0.59536E-23 0.46078E-24 0.38414E-22
0.10225E-06 0.60457E-23 0.46791E-24 0.39008E-22
0.10464E-06 0.61393E-23 0.47515E-24 0.39612E-22
0.10707E-06 0.62343E-23 0.48250E-24 0.40225E-22
0.10957E-06 0.63307E-23 0.48997E-24 0.40847E-22
0.11212E-06 0.64287E-23 0.49755E-24 0.41479E-22
0.11473E-06 0.65282E-23 0.50525E-24 0.42121E-22
0.11741E-06 0.66292E-23 0.51307E-24 0.42773E-22
0.12014E-06 0.67318E-23 0.52100E-24 0.43435E-22
0.12294E-06 0.68359E-23 0.52907E-24 0.44107E-22
0.12581E-06 0.69417E-23 0.53725E-24 0.44789E-22
0.12874E-06 0.70491E-23 0.54557E-24 0.45482E-22
0.13174E-06 0.71582E-23 0.55401E-24 0.46186E-22
0.13481E-06 0.72690E-23 0.56258E-24 0.46901E-22
0.13795E-06 0.73814E-23 0.57129E-24 0.47627E-22
0.14116E-06 0.74957E-23 0.58013E-24 0.48364E-22
0.14445E-06 0.76116E-23 0.58910E-24 0.49112E-22
0.14782E-06 0.77294E-23 0.59822E-24 0.49872E-22
0.15126E-06 0.78490E-23 0.60747E-24 0.50643E-22
0.15479E-06 0.79705E-23 0.61687E-24 0.51427E-22
0.15839E-06 0.80938E-23 0.62642E-24 0.52223E-22
0.16208E-06 0.82190E-23 0.63611E-24 0.53031E-22
0.16586E-06 0.83462E-23 0.64596E-24 0.53852E-22
0.16972E-06 0.84754E-23 0.65595E-24 0.54685E-22
0.17368E-06 0.86065E-23 0.66610E-24 0.55531E-22
0.17773E-06 0.87397E-23 0.67641E-24 0.56390E-22
0.18187E-06 0.88749E-23 0.68687E-24 0.57263E-22
0.18610E-06 0.90123E-23 0.69750E-24 0.58149E-22
0.19044E-06 0.91517E-23 0.70830E-24 0.59049E-22
0.19488E-06 0.92933E-23 0.71926E-24 0.59962E-22
0.19942E-06 0.94371E-23 0.73038E-24 0.60890E-22
0.20407E-06 0.95831E-23 0.74169E-24 0.61832E-22
0.20882E-06 0.97314E-23 0.75316E-24 0.62789E-22
0.21369E-06 0.98820E-23 0.76482E-24 0.63761E-22
0.21866E-06 0.10035E-22 0.77665E-24 0.64747E-22
0.22376E-06 0.10190E-22 0.78867E-24 0.65749E-22
0.22897E-06 0.10348E-22 0.80087E-24 0.66767E-22
0.23431E-06 0.10508E-22 0.81327E-24 0.67800E-22
0.23977E-06 0.10671E-22 0.82585E-24 0.68849E-22
0.24535E-06 0.10836E-22 0.83863E-24 0.69914E-22
0.25107E-06 0.11003E-22 0.85161E-24 0.70996E-22
0.25692E-06 0.11174E-22 0.86478E-24 0.72095E-22
0.26291E-06 0.11347E-22 0.87816E-24 0.73210E-22
0.26903E-06 0.11522E-22 0.89175E-24 0.74343E-22
0.27530E-06 0.11700E-22 0.90555E-24 0.75493E-22
0.28172E-06 0.11881E-22 0.91956E-24 0.76661E-22
0.28828E-06 0.12065E-22 0.93379E-24 0.77848E-22
0.29500E-06 0.12252E-22 0.94824E-24 0.79052E-22
0.30187E-06 0.12442E-22 0.96291E-24 0.80276E-22
0.30890E-06 0.12634E-22 0.97781E-24 0.81518E-22
0.31610E-06 0.12830E-22 0.99294E-24 0.82779E-22
0.32347E-06 0.13028E-22 0.10083E-23 0.84060E-22
0.33100E-06 0.13230E-22 0.10239E-23 0.85361E-22
0.33872E-06 0.13434E-22 0.10398E-23 0.86682E-22
0.34661E-06 0.13642E-22 0.10558E-23 0.88023E-22
0.35468E-06 0.13853E-22 0.10722E-23 0.89385E-22
0.36295E-06 0.14068E-22 0.10888E-23 0.90768E-22
0.37140E-06 0.14285E-22 0.11056E-23 0.92172E-22
0.38006E-06 0.14506E-22 0.11227E-23 0.93599E-22
0.38891E-06 0.14731E-22 0.11401E-23 0.95047E-22
0.39797E-06 0.14959E-22 0.11577E-23 0.96518E-22
0.40725E-06 0.15190E-22 0.11757E-23 0.98011E-22
0.41674E-06 0.15425E-22 0.11938E-23 0.99528E-22
0.42645E-06 0.15664E-22 0.12123E-23 0.10107E-21
0.43638E-06 0.15906E-22 0.12311E-23 0.10263E-21
0.44655E-06 0.16153E-22 0.12501E-23 0.10422E-21
0.45695E-06 0.16403E-22 0.12695E-23 0.10583E-21
0.46760E-06 0.16656E-22 0.12891E-23 0.10747E-21
0.47850E-06 0.16914E-22 0.13091E-23 0.10913E-21
0.48965E-06 0.17176E-22 0.13293E-23 0.11082E-21
0.50105E-06 0.17442E-22 0.13499E-23 0.11254E-21
0.51273E-06 0.17711E-22 0.13708E-23 0.11428E-21
0.52468E-06 0.17985E-22 0.13920E-23 0.11605E-21
0.53690E-06 0.18264E-22 0.14135E-23 0.11784E-21
0.54941E-06 0.18546E-22 0.14354E-23 0.11967E-21
0.56221E-06 0.18833E-22 0.14576E-23 0.12152E-21
0.57531E-06 0.19125E-22 0.14802E-23 0.12340E-21
0.58872E-06 0.19421E-22 0.15031E-23 0.12531E-21
0.60243E-06 0.19721E-22 0.15263E-23 0.12725E-21
0.61647E-06 0.20026E-22 0.15499E-23 0.12921E-21
0.63083E-06 0.20336E-22 0.15739E-23 0.13121E-21
0.64553E-06 0.20651E-22 0.15983E-23 0.13324E-21
0.66057E-06 0.20971E-22 0.16230E-23 0.13531E-21
0.67596E-06 0.21295E-22 0.16481E-23 0.13740E-21
0.69171E-06 0.21625E-22 0.16736E-23 0.13953E-21
0.70783E-06 0.21959E-22 0.16995E-23 0.14168E-21
0.72432E-06 0.22299E-22 0.17258E-23 0.14388E-21
0.74120E-06 0.22644E-22 0.17525E-23 0.14610E-21
0.75847E-06 0.22994E-22 0.17796E-23 0.14836E-21
0.77614E-06 0.23350E-22 0.18072E-23 0.15066E-21
0.79423E-06 0.23711E-22 0.18351E-23 0.15299E-21
0.81273E-06 0.24078E-22 0.18635E-23 0.15536E-21
0.83167E-06 0.24451E-22 0.18924E-23 0.15776E-21
0.85105E-06 0.24829E-22 0.19217E-23 0.16020E-21
0.87088E-06 0.25213E-22 0.19514E-23 0.16268E-21
0.89117E-06 0.25604E-22 0.19816E-23 0.16520E-21
0.91193E-06 0.26000E-22 0.20123E-23 0.16776E-21
0.93318E-06 0.26402E-22 0.20434E-23 0.17035E-21
0.95492E-06 0.26811E-22 0.20750E-23 0.17299E-21
0.97717E-06 0.27226E-22 0.21071E-23 0.17566E-21
0.99994E-06 0.27647E-22 0.21397E-23 0.17838E-21
0.10232E-05 0.28075E-22 0.21728E-23 0.18114E-21
0.10471E-05 0.28509E-22 0.22065E-23 0.18395E-21
0.10715E-05 0.28950E-22 0.22406E-23 0.18679E-21
0.10964E-05 0.29398E-22 0.22753E-23 0.18968E-21
0.11220E-05 0.29853E-22 0.23105E-23 0.19262E-21
0.11481E-05 0.30315E-22 0.23462E-23 0.19560E-21
0.11749E-05 0.30784E-22 0.23825E-23 0.19862E-21
0.12023E-05 0.31260E-22 0.24194E-23 0.20170E-21
0.12303E-05 0.31744E-22 0.24568E-23 0.20482E-21
0.12589E-05 0.32235E-22 0.24948E-23 0.20799E-21
0.12883E-05 0.32734E-22 0.25335E-23 0.21121E-21
0.13183E-05 0.33241E-22 0.25727E-23 0.21447E-21
0.13490E-05 0.33755E-22 0.26125E-23 0.21779E-21
0.13804E-05 0.34277E-22 0.26529E-23 0.22116E-21
0.14126E-05 0.34808E-22 0.26939E-23 0.22459E-21
0.14455E-05 0.35346E-22 0.27356E-23 0.22806E-21
0.14792E-05 0.35893E-22 0.27779E-23 0.23159E-21
0.15137E-05 0.36449E-22 0.28209E-23 0.23517E-21
0.15489E-05 0.37013E-22 0.28646E-23 0.23881E-21
0.15850E-05 0.37585E-22 0.29089E-23 0.24251E-21
0.16219E-05 0.38167E-22 0.29539E-23 0.24626E-21
0.16597E-05 0.38757E-22 0.29996E-23 0.25007E-21
0.16984E-05 0.39357E-22 0.30460E-23 0.25394E-21
0.17380E-05 0.39966E-22 0.30932E-23 0.25787E-21
0.17785E-05 0.40585E-22 0.31410E-23 0.26186E-21
0.18199E-05 0.41213E-22 0.31896E-23 0.26591E-21
0.18623E-05 0.41850E-22 0.32390E-23 0.27003E-21
0.19057E-05 0.42498E-22 0.32891E-23 0.27420E-21
0.19501E-05 0.43155E-22 0.33400E-23 0.27845E-21
0.19956E-05 0.43823E-22 0.33917E-23 0.28276E-21
0.20421E-05 0.44501E-22 0.34442E-23 0.28713E-21
0.20896E-05 0.45190E-22 0.34975E-23 0.29157E-21
0.21383E-05 0.45889E-22 0.35516E-23 0.29609E-21
0.21881E-05 0.46599E-22 0.36065E-23 0.30067E-21
0.22391E-05 0.47320E-22 0.36624E-23 0.30532E-21
0.22913E-05 0.48053E-22 0.37190E-23 0.31004E-21
0.23447E-05 0.48796E-22 0.37766E-23 0.31484E-21
0.23993E-05 0.49551E-22 0.38350E-23 0.31971E-21
0.24552E-05 0.50318E-22 0.38943E-23 0.32466E-21
0.25124E-05 0.51096E-22 0.39546E-23 0.32968E-21
0.25710E-05 0.51887E-22 0.40158E-23 0.33479E-21
0.26309E-05 0.52690E-22 0.40779E-23 0.33997E-21
0.26922E-05 0.53505E-22 0.41410E-23 0.34523E-21
0.27549E-05 0.54333E-22 0.42051E-23 0.35057E-21
0.28191E-05 0.55174E-22 0.42702E-23 0.35599E-21
0.28848E-05 0.56028E-22 0.43363E-23 0.36150E-21
0.29520E-05 0.56895E-22 0.44034E-23 0.36710E-21
0.30208E-05 0.57775E-22 0.44715E-23 0.37278E-21
0.30911E-05 0.58669E-22 0.45407E-23 0.37854E-21
0.31632E-05 0.59577E-22 0.46109E-23 0.38440E-21
0.32369E-05 0.60499E-22 0.46823E-23 0.39035E-21
0.33123E-05 0.61435E-22 0.47547E-23 0.39639E-21
0.33895E-05 0.62385E-22 0.48283E-23 0.40252E-21
0.34684E-05 0.63351E-22 0.49030E-23 0.40875E-21
0.35493E-05 0.64331E-22 0.49789E-23 0.41508E-21
0.36320E-05 0.65326E-22 0.50559E-23 0.42150E-21
0.37166E-05 0.66337E-22 0.51342E-23 0.42802E-21
0.38032E-05 0.67364E-22 0.52136E-23 0.43464E-21
0.38918E-05 0.68406E-22 0.52943E-23 0.44137E-21
0.39825E-05 0.69465E-22 0.53762E-23 0.44820E-21
0.40753E-05 0.70539E-22 0.54594E-23 0.45514E-21
0.41702E-05 0.71631E-22 0.55439E-23 0.46218E-21
0.42674E-05 0.72739E-22 0.56297E-23 0.46933E-21
0.43668E-05 0.73865E-22 0.57168E-23 0.47659E-21
0.44686E-05 0.75008E-22 0.58052E-23 0.48397E-21
0.45727E-05 0.76169E-22 0.58951E-23 0.49146E-21
0.46792E-05 0.77347E-22 0.59863E-23 0.49906E-21
0.47882E-05 0.78544E-22 0.60789E-23 0.50678E-21
0.48998E-05 0.79759E-22 0.61730E-23 0.51462E-21
0.50140E-05 0.80994E-22 0.62685E-23 0.52259E-21
0.51308E-05 0.82247E-22 0.63655E-23 0.53067E-21
0.52504E-05 0.83519E-22 0.64640E-23 0.53888E-21
0.53727E-05 0.84812E-22 0.65640E-23 0.54722E-21
0.54979E-05 0.86124E-22 0.66656E-23 0.55569E-21
0.56260E-05 0.87457E-22 0.67687E-23 0.56429E-21
0.57571E-05 0.88810E-22 0.68734E-23 0.57302E-21
0.58912E-05 0.90184E-22 0.69798E-23 0.58189E-21
0.60285E-05 0.91580E-22 0.70878E-23 0.59089E-21
0.61689E-05 0.92997E-22 0.71975E-23 0.60003E-21
0.63127E-05 0.94436E-22 0.73089E-23 0.60932E-21
0.64597E-05 0.95897E-22 0.74219E-23 0.61875E-21
0.66103E-05 0.97381E-22 0.75368E-23 0.62832E-21
0.67643E-05 0.98888E-22 0.76534E-23 0.63804E-21
0.69219E-05 0.10042E-21 0.77718E-23 0.64792E-21
0.70832E-05 0.10197E-21 0.78921E-23 0.65794E-21
0.72482E-05 0.10355E-21 0.80142E-23 0.66812E-21
0.74171E-05 0.10515E-21 0.81382E-23 0.67846E-21
0.75899E-05 0.10678E-21 0.82642E-23 0.68896E-21
0.77667E-05 0.10843E-21 0.83920E-23 0.69962E-21
0.79477E-05 0.11011E-21 0.85219E-23 0.71045E-21
0.81329E-05 0.11181E-21 0.86537E-23 0.72144E-21
0.83224E-05 0.11354E-21 0.87877E-23 0.73260E-21
0.85163E-05 0.11530E-21 0.89236E-23 0.74394E-21
0.87147E-05 0.11708E-21 0.90617E-23 0.75545E-21
0.89178E-05 0.11890E-21 0.92019E-23 0.76714E-21
0.91256E-05 0.12074E-21 0.93443E-23 0.77901E-21
0.93382E-05 0.12260E-21 0.94889E-23 0.79106E-21
0.95558E-05 0.12450E-21 0.96357E-23 0.80331E-21
0.97784E-05 0.12643E-21 0.97848E-23 0.81574E-21
0.10006E-04 0.12838E-21 0.99362E-23 0.82836E-21
0.10239E-04 0.13037E-21 0.10090E-22 0.84118E-21
0.10478E-04 0.13239E-21 0.10246E-22 0.85419E-21
0.10722E-04 0.13444E-21 0.10405E-22 0.86741E-21
0.10972E-04 0.13652E-21 0.10566E-22 0.88083E-21
0.11228E-04 0.13863E-21 0.10729E-22 0.89446E-21
0.11489E-04 0.14077E-21 0.10895E-22 0.90830E-21
0.11757E-04 0.14295E-21 0.11064E-22 0.92236E-21
0.12031E-04 0.14516E-21 0.11235E-22 0.93663E-21
0.12311E-04 0.14741E-21 0.11409E-22 0.95112E-21
0.12598E-04 0.14969E-21 0.11585E-22 0.96584E-21
0.12892E-04 0.15201E-21 0.11765E-22 0.98078E-21
0.13192E-04 0.15436E-21 0.11947E-22 0.99596E-21
0.13499E-04 0.15675E-21 0.12132E-22 0.10114E-20
0.13814E-04 0.15917E-21 0.12319E-22 0.10270E-20
0.14136E-04 0.16164E-21 0.12510E-22 0.10429E-20
0.14465E-04 0.16414E-21 0.12703E-22 0.10591E-20
0.14802E-04 0.16668E-21 0.12900E-22 0.10754E-20
0.15147E-04 0.16926E-21 0.13100E-22 0.10921E-20
0.15500E-04 0.17188E-21 0.13302E-22 0.11090E-20
0.15861E-04 0.17454E-21 0.13508E-22 0.11261E-20
0.16231E-04 0.17724E-21 0.13717E-22 0.11436E-20
0.16609E-04 0.17998E-21 0.13929E-22 0.11613E-20
0.16996E-04 0.18276E-21 0.14145E-22 0.11792E-20
0.17392E-04 0.18559E-21 0.14364E-22 0.11975E-20
0.17797E-04 0.18846E-21 0.14586E-22 0.12160E-20
0.18212E-04 0.19138E-21 0.14812E-22 0.12348E-20
0.18636E-04 0.19434E-21 0.15041E-22 0.12539E-20
0.19070E-04 0.19735E-21 0.15274E-22 0.12733E-20
0.19515E-04 0.20040E-21 0.15510E-22 0.12930E-20
0.19969E-04 0.20350E-21 0.15750E-22 0.13130E-20
0.20434E-04 0.20665E-21 0.15994E-22 0.13334E-20
0.20911E-04 0.20985E-21 0.16241E-22 0.13540E-20
0.21398E-04 0.21310E-21 0.16493E-22 0.13749E-20
0.21896E-04 0.21639E-21 0.16748E-22 0.13962E-20
0.22407E-04 0.21974E-21 0.17007E-22 0.14178E-20
0.22929E-04 0.22314E-21 0.17270E-22 0.14398E-20
0.23463E-04 0.22659E-21 0.17537E-22 0.14620E-20
0.24010E-04 0.23010E-21 0.17809E-22 0.14847E-20
0.24569E-04 0.23366E-21 0.18084E-22 0.15076E-20
0.25141E-04 0.23728E-21 0.18364E-22 0.15310E-20
0.25727E-04 0.24095E-21 0.18648E-22 0.15546E-20
0.26327E-04 0.24468E-21 0.18937E-22 0.15787E-20
0.26940E-04 0.24846E-21 0.19230E-22 0.16031E-20
0.27568E-04 0.25231E-21 0.19527E-22 0.16279E-20
0.28210E-04 0.25621E-21 0.19829E-22 0.16531E-20
0.28867E-04 0.26018E-21 0.20136E-22 0.16787E-20
0.29540E-04 0.26420E-21 0.20448E-22 0.17047E-20
0.30228E-04 0.26829E-21 0.20764E-22 0.17311E-20
0.30933E-04 0.27244E-21 0.21086E-22 0.17579E-20
0.31653E-04 0.27666E-21 0.21412E-22 0.17851E-20
0.32391E-04 0.28094E-21 0.21743E-22 0.18127E-20
0.33146E-04 0.28529E-21 0.22080E-22 0.18407E-20
0.33918E-04 0.28970E-21 0.22421E-22 0.18692E-20
0.34708E-04 0.29418E-21 0.22768E-22 0.18981E-20
0.35517E-04 0.29873E-21 0.23121E-22 0.19275E-20
0.36344E-04 0.30336E-21 0.23478E-22 0.19573E-20
0.37191E-04 0.30805E-21 0.23842E-22 0.19876E-20
0.38058E-04 0.31282E-21 0.24211E-22 0.20184E-20
0.38945E-04 0.31766E-21 0.24585E-22 0.20496E-20
0.39852E-04 0.32257E-21 0.24966E-22 0.20813E-20
0.40781E-04 0.32756E-21 0.25352E-22 0.21135E-20
0.41731E-04 0.33263E-21 0.25744E-22 0.21462E-20
0.42703E-04 0.33778E-21 0.26142E-22 0.21794E-20
0.43698E-04 0.34301E-21 0.26547E-22 0.22132E-20
0.44716E-04 0.34831E-21 0.26958E-22 0.22474E-20
0.45758E-04 0.35370E-21 0.27375E-22 0.22822E-20
0.46824E-04 0.35918E-21 0.27799E-22 0.23175E-20
0.47915E-04 0.36474E-21 0.28229E-22 0.23533E-20
0.49032E-04 0.37038E-21 0.28665E-22 0.23898E-20
0.50174E-04 0.37611E-21 0.29109E-22 0.24267E-20
0.51343E-04 0.38193E-21 0.29559E-22 0.24643E-20
0.52539E-04 0.38784E-21 0.30017E-22 0.25024E-20
0.53764E-04 0.39384E-21 0.30481E-22 0.25411E-20
0.55016E-04 0.39994E-21 0.30953E-22 0.25805E-20
0.56298E-04 0.40612E-21 0.31432E-22 0.26204E-20
0.57610E-04 0.41241E-21 0.31918E-22 0.26609E-20
0.58952E-04 0.41879E-21 0.32412E-22 0.27021E-20
0.60326E-04 0.42527E-21 0.32914E-22 0.27439E-20
0.61731E-04 0.43185E-21 0.33423E-22 0.27864E-20
0.63170E-04 0.43853E-21 0.33940E-22 0.28295E-20
0.64642E-04 0.44532E-21 0.34465E-22 0.28733E-20
0.66148E-04 0.45221E-21 0.34999E-22 0.29177E-20
0.67689E-04 0.45921E-21 0.35540E-22 0.29629E-20
0.69266E-04 0.46631E-21 0.36090E-22 0.30087E-20
0.70880E-04 0.47353E-21 0.36649E-22 0.30553E-20
0.72532E-04 0.48085E-21 0.37216E-22 0.31026E-20
0.74222E-04 0.48829E-21 0.37792E-22 0.31506E-20
0.75951E-04 0.49585E-21 0.38376E-22 0.31993E-20
0.77721E-04 0.50352E-21 0.38970E-22 0.32488E-20
0.79532E-04 0.51131E-21 0.39573E-22 0.32991E-20
0.81385E-04 0.51923E-21 0.40185E-22 0.33502E-20
0.83281E-04 0.52726E-21 0.40807E-22 0.34020E-20
0.85221E-04 0.53542E-21 0.41439E-22 0.34546E-20
0.87207E-04 0.54370E-21 0.42080E-22 0.35081E-20
0.89239E-04 0.55212E-21 0.42731E-22 0.35624E-20
0.91318E-04 0.56066E-21 0.43392E-22 0.36175E-20
0.93446E-04 0.56934E-21 0.44064E-22 0.36735E-20
0.95623E-04 0.57815E-21 0.44746E-22 0.37303E-20
0.97851E-04 0.58709E-21 0.45438E-22 0.37880E-20
0.10013E-03 0.59618E-21 0.46141E-22 0.38467E-20
0.10246E-03 0.60540E-21 0.46855E-22 0.39062E-20
0.10485E-03 0.61477E-21 0.47580E-22 0.39666E-20
0.10729E-03 0.62428E-21 0.48316E-22 0.40280E-20
0.10979E-03 0.63394E-21 0.49064E-22 0.40903E-20
0.11235E-03 0.64375E-21 0.49823E-22 0.41536E-20
0.11497E-03 0.65371E-21 0.50594E-22 0.42179E-20
0.11765E-03 0.66383E-21 0.51377E-22 0.42832E-20
0.12039E-03 0.67410E-21 0.52172E-22 0.43494E-20
0.12320E-03 0.68453E-21 0.52979E-22 0.44167E-20
0.12607E-03 0.69512E-21 0.53799E-22 0.44851E-20
0.12900E-03 0.70588E-21 0.54631E-22 0.45545E-20
0.13201E-03 0.71680E-21 0.55477E-22 0.46249E-20
0.13509E-03 0.72789E-21 0.56335E-22 0.46965E-20
0.13823E-03 0.73916E-21 0.57207E-22 0.47692E-20
0.14145E-03 0.75059E-21 0.58092E-22 0.48430E-20
0.14475E-03 0.76221E-21 0.58991E-22 0.49179E-20
0.14812E-03 0.77400E-21 0.59904E-22 0.49940E-20
0.15157E-03 0.78598E-21 0.60831E-22 0.50713E-20
0.15510E-03 0.79814E-21 0.61772E-22 0.51498E-20
0.15872E-03 0.81049E-21 0.62728E-22 0.52294E-20
0.16242E-03 0.82303E-21 0.63698E-22 0.53104E-20
0.16620E-03 0.83577E-21 0.64684E-22 0.53925E-20
0.17007E-03 0.84870E-21 0.65685E-22 0.54760E-20
0.17404E-03 0.86183E-21 0.66701E-22 0.55607E-20
0.17809E-03 0.87517E-21 0.67733E-22 0.56468E-20
0.18224E-03 0.88871E-21 0.68782E-22 0.57341E-20
0.18649E-03 0.90246E-21 0.69846E-22 0.58229E-20
0.19083E-03 0.91642E-21 0.70927E-22 0.59130E-20
0.19528E-03 0.93060E-21 0.72024E-22 0.60045E-20
0.19983E-03 0.94500E-21 0.73139E-22 0.60974E-20
0.20448E-03 0.95963E-21 0.74270E-22 0.61917E-20
0.20925E-03 0.97448E-21 0.75420E-22 0.62875E-20
0.21412E-03 0.98956E-21 0.76587E-22 0.63848E-20
0.21911E-03 0.10049E-20 0.77772E-22 0.64836E-20
0.22422E-03 0.10204E-20 0.78975E-22 0.65839E-20
0.22944E-03 0.10362E-20 0.80197E-22 0.66858E-20
0.23479E-03 0.10522E-20 0.81438E-22 0.67893E-20
0.24026E-03 0.10685E-20 0.82698E-22 0.68943E-20
0.24586E-03 0.10851E-20 0.83978E-22 0.70010E-20
0.25159E-03 0.11018E-20 0.85277E-22 0.71093E-20
0.25745E-03 0.11189E-20 0.86597E-22 0.72193E-20
0.26345E-03 0.11362E-20 0.87937E-22 0.73311E-20
0.26959E-03 0.11538E-20 0.89297E-22 0.74445E-20
0.27587E-03 0.11716E-20 0.90679E-22 0.75597E-20
0.28229E-03 0.11898E-20 0.92082E-22 0.76767E-20
0.28887E-03 0.12082E-20 0.93507E-22 0.77954E-20
0.29560E-03 0.12269E-20 0.94954E-22 0.79161E-20
0.30249E-03 0.12459E-20 0.96423E-22 0.80386E-20
0.30954E-03 0.12651E-20 0.97915E-22 0.81629E-20
0.31675E-03 0.12847E-20 0.99430E-22 0.82893E-20
0.32413E-03 0.13046E-20 0.10097E-21 0.84175E-20
0.33168E-03 0.13248E-20 0.10253E-21 0.85478E-20
0.33941E-03 0.13453E-20 0.10412E-21 0.86800E-20
0.34732E-03 0.13661E-20 0.10573E-21 0.88143E-20
0.35541E-03 0.13872E-20 0.10737E-21 0.89507E-20
0.36369E-03 0.14087E-20 0.10903E-21 0.90892E-20
0.37217E-03 0.14305E-20 0.11071E-21 0.92299E-20
0.38084E-03 0.14526E-20 0.11243E-21 0.93727E-20
0.38971E-03 0.14751E-20 0.11417E-21 0.95177E-20
0.39879E-03 0.14979E-20 0.11593E-21 0.96650E-20
0.40808E-03 0.15211E-20 0.11773E-21 0.98146E-20
0.41759E-03 0.15447E-20 0.11955E-21 0.99664E-20
0.42732E-03 0.15686E-20 0.12140E-21 0.10121E-19
0.43728E-03 0.15928E-20 0.12328E-21 0.10277E-19
0.44747E-03 0.16175E-20 0.12518E-21 0.10436E-19
0.45789E-03 0.16425E-20 0.12712E-21 0.10598E-19
0.46856E-03 0.16679E-20 0.12909E-21 0.10762E-19
0.47948E-03 0.16937E-20 0.13109E-21 0.10928E-19
0.49065E-03 0.17199E-20 0.13311E-21 0.11097E-19
0.50208E-03 0.17465E-20 0.13517E-21 0.11269E-19
0.51378E-03 0.17736E-20 0.13727E-21 0.11443E-19
0.52575E-03 0.18010E-20 0.13939E-21 0.11621E-19
0.53800E-03 0.18289E-20 0.14155E-21 0.11800E-19
0.55054E-03 0.18572E-20 0.14374E-21 0.11983E-19
0.56337E-03 0.18859E-20 0.14596E-21 0.12168E-19
0.57649E-03 0.19151E-20 0.14822E-21 0.12357E-19
0.58993E-03 0.19447E-20 0.15051E-21 0.12548E-19
0.60367E-03 0.19748E-20 0.15284E-21 0.12742E-19
0.61774E-03 0.20054E-20 0.15521E-21 0.12939E-19
0.63213E-03 0.20364E-20 0.15761E-21 0.13139E-19
0.64686E-03 0.20679E-20 0.16005E-21 0.13343E-19
0.66193E-03 0.20999E-20 0.16252E-21 0.13549E-19
0.67735E-03 0.21324E-20 0.16504E-21 0.13759E-19
0.69314E-03 0.21654E-20 0.16759E-21 0.13972E-19
0.70929E-03 0.21989E-20 0.17019E-21 0.14188E-19
0.72581E-03 0.22329E-20 0.17282E-21 0.14407E-19
0.74272E-03 0.22675E-20 0.17549E-21 0.14630E-19
0.76003E-03 0.23026E-20 0.17821E-21 0.14857E-19
0.77774E-03 0.23382E-20 0.18097E-21 0.15087E-19
0.79586E-03 0.23744E-20 0.18377E-21 0.15320E-19
0.81440E-03 0.24111E-20 0.18661E-21 0.15557E-19
0.83338E-03 0.24484E-20 0.18950E-21 0.15798E-19
0.85280E-03 0.24863E-20 0.19243E-21 0.16042E-19
0.87267E-03 0.25248E-20 0.19541E-21 0.16291E-19
0.89300E-03 0.25639E-20 0.19843E-21 0.16543E-19
0.91381E-03 0.26035E-20 0.20150E-21 0.16799E-19
0.93510E-03 0.26438E-20 0.20462E-21 0.17059E-19
0.95689E-03 0.26847E-20 0.20779E-21 0.17322E-19
0.97918E-03 0.27263E-20 0.21100E-21 0.17591E-19
0.10020E-02 0.27685E-20 0.21427E-21 0.17863E-19
0.10253E-02 0.28113E-20 0.21758E-21 0.18139E-19
0.10492E-02 0.28548E-20 0.22095E-21 0.18420E-19
0.10737E-02 0.28990E-20 0.22437E-21 0.18705E-19
0.10987E-02 0.29438E-20 0.22784E-21 0.18994E-19
0.11243E-02 0.29894E-20 0.23136E-21 0.19288E-19
0.11505E-02 0.30356E-20 0.23494E-21 0.19587E-19
0.11773E-02 0.30826E-20 0.23858E-21 0.19890E-19
0.12047E-02 0.31303E-20 0.24227E-21 0.20197E-19
0.12328E-02 0.31788E-20 0.24602E-21 0.20510E-19
0.12615E-02 0.32279E-20 0.24983E-21 0.20827E-19
0.12909E-02 0.32779E-20 0.25369E-21 0.21150E-19
0.13210E-02 0.33286E-20 0.25762E-21 0.21477E-19
0.13518E-02 0.33801E-20 0.26160E-21 0.21809E-19
0.13833E-02 0.34324E-20 0.26565E-21 0.22147E-19
0.14155E-02 0.34855E-20 0.26976E-21 0.22489E-19
0.14485E-02 0.35395E-20 0.27394E-21 0.22837E-19
0.14822E-02 0.35942E-20 0.27818E-21 0.23191E-19
0.15168E-02 0.36499E-20 0.28248E-21 0.23550E-19
0.15521E-02 0.37063E-20 0.28685E-21 0.23914E-19
0.15883E-02 0.37637E-20 0.29129E-21 0.24284E-19
0.16253E-02 0.38219E-20 0.29580E-21 0.24660E-19
0.16632E-02 0.38811E-20 0.30037E-21 0.25041E-19
0.17019E-02 0.39411E-20 0.30502E-21 0.25429E-19
0.17416E-02 0.40021E-20 0.30974E-21 0.25822E-19
0.17821E-02 0.40640E-20 0.31453E-21 0.26222E-19
0.18237E-02 0.41269E-20 0.31940E-21 0.26628E-19
0.18662E-02 0.41908E-20 0.32434E-21 0.27040E-19
0.19096E-02 0.42556E-20 0.32936E-21 0.27458E-19
0.19541E-02 0.43215E-20 0.33446E-21 0.27883E-19
0.19997E-02 0.43883E-20 0.33963E-21 0.28314E-19
0.20462E-02 0.44562E-20 0.34489E-21 0.28753E-19
0.20939E-02 0.45252E-20 0.35023E-21 0.29197E-19
0.21427E-02 0.45952E-20 0.35565E-21 0.29649E-19
0.21926E-02 0.46663E-20 0.36115E-21 0.30108E-19
0.22437E-02 0.47385E-20 0.36674E-21 0.30574E-19
0.22960E-02 0.48118E-20 0.37241E-21 0.31047E-19
0.23495E-02 0.48863E-20 0.37817E-21 0.31527E-19
0.24042E-02 0.49619E-20 0.38403E-21 0.32015E-19
0.24603E-02 0.50387E-20 0.38997E-21 0.32511E-19
0.25176E-02 0.51166E-20 0.39600E-21 0.33014E-19
0.25763E-02 0.51958E-20 0.40213E-21 0.33525E-19
0.26363E-02 0.52762E-20 0.40835E-21 0.34043E-19
0.26977E-02 0.53579E-20 0.41467E-21 0.34570E-19
0.27606E-02 0.54408E-20 0.42109E-21 0.35105E-19
0.28249E-02 0.55250E-20 0.42760E-21 0.35648E-19
0.28907E-02 0.56104E-20 0.43422E-21 0.36200E-19
0.29581E-02 0.56973E-20 0.44094E-21 0.36760E-19
0.30270E-02 0.57854E-20 0.44776E-21 0.37329E-19
0.30975E-02 0.58749E-20 0.45469E-21 0.37906E-19
0.31697E-02 0.59658E-20 0.46173E-21 0.38493E-19
0.32435E-02 0.60582E-20 0.46887E-21 0.39089E-19
0.33191E-02 0.61519E-20 0.47613E-21 0.39693E-19
0.33964E-02 0.62471E-20 0.48349E-21 0.40308E-19
0.34756E-02 0.63438E-20 0.49097E-21 0.40931E-19
0.35566E-02 0.64419E-20 0.49857E-21 0.41565E-19
0.36394E-02 0.65416E-20 0.50629E-21 0.42208E-19
0.37242E-02 0.66428E-20 0.51412E-21 0.42861E-19
0.38110E-02 0.67456E-20 0.52208E-21 0.43524E-19
0.38998E-02 0.68500E-20 0.53015E-21 0.44198E-19
0.39907E-02 0.69560E-20 0.53836E-21 0.44881E-19
0.40836E-02 0.70636E-20 0.54669E-21 0.45576E-19
0.41788E-02 0.71729E-20 0.55515E-21 0.46281E-19
0.42762E-02 0.72839E-20 0.56374E-21 0.46997E-19
0.43758E-02 0.73966E-20 0.57246E-21 0.47725E-19
0.44777E-02 0.75111E-20 0.58132E-21 0.48463E-19
0.45821E-02 0.76273E-20 0.59031E-21 0.49213E-19
0.46888E-02 0.77453E-20 0.59945E-21 0.49974E-19
0.47981E-02 0.78652E-20 0.60872E-21 0.50748E-19
0.49099E-02 0.79869E-20 0.61814E-21 0.51533E-19
0.50243E-02 0.81105E-20 0.62771E-21 0.52330E-19
0.51414E-02 0.82359E-20 0.63742E-21 0.53140E-19
0.52611E-02 0.83634E-20 0.64728E-21 0.53962E-19
0.53837E-02 0.84928E-20 0.65730E-21 0.54797E-19
0.55092E-02 0.86242E-20 0.66747E-21 0.55645E-19
0.56375E-02 0.87577E-20 0.67780E-21 0.56506E-19
0.57689E-02 0.88932E-20 0.68829E-21 0.57381E-19
0.59033E-02 0.90308E-20 0.69894E-21 0.58269E-19
0.60409E-02 0.91705E-20 0.70975E-21 0.59170E-19
0.61816E-02 0.93124E-20 0.72073E-21 0.60086E-19
0.63256E-02 0.94565E-20 0.73189E-21 0.61015E-19
0.64730E-02 0.96028E-20 0.74321E-21 0.61960E-19
0.66238E-02 0.97514E-20 0.75471E-21 0.62918E-19
0.67782E-02 0.99023E-20 0.76639E-21 0.63892E-19
0.69361E-02 0.10056E-19 0.77825E-21 0.64881E-19
0.70977E-02 0.10211E-19 0.79029E-21 0.65884E-19
0.72631E-02 0.10369E-19 0.80252E-21 0.66904E-19
0.74323E-02 0.10530E-19 0.81494E-21 0.67939E-19
0.76055E-02 0.10693E-19 0.82755E-21 0.68990E-19
0.77827E-02 0.10858E-19 0.84035E-21 0.70058E-19
0.79641E-02 0.11026E-19 0.85336E-21 0.71142E-19
0.81496E-02 0.11197E-19 0.86656E-21 0.72243E-19
0.83395E-02 0.11370E-19 0.87997E-21 0.73361E-19
0.85338E-02 0.11546E-19 0.89359E-21 0.74496E-19
0.87326E-02 0.11724E-19 0.90741E-21 0.75649E-19
0.89361E-02 0.11906E-19 0.92145E-21 0.76819E-19
0.91443E-02 0.12090E-19 0.93571E-21 0.78008E-19
0.93574E-02 0.12277E-19 0.95019E-21 0.79215E-19
0.95754E-02 0.12467E-19 0.96489E-21 0.80441E-19
0.97985E-02 0.12660E-19 0.97982E-21 0.81685E-19
0.10027E-01 0.12856E-19 0.99499E-21 0.82949E-19
0.10260E-01 0.13055E-19 0.10104E-20 0.84233E-19
0.10500E-01 0.13257E-19 0.10260E-20 0.85536E-19
0.10744E-01 0.13462E-19 0.10419E-20 0.86860E-19
0.10995E-01 0.13670E-19 0.10580E-20 0.88204E-19
0.11251E-01 0.13882E-19 0.10744E-20 0.89569E-19
0.11513E-01 0.14097E-19 0.10910E-20 0.90955E-19
0.11781E-01 0.14315E-19 0.11079E-20 0.92362E-19
0.12056E-01 0.14536E-19 0.11250E-20 0.93791E-19
0.12336E-01 0.14761E-19 0.11424E-20 0.95243E-19
0.12624E-01 0.14990E-19 0.11601E-20 0.96716E-19
0.12918E-01 0.15222E-19 0.11781E-20 0.98213E-19
0.13219E-01 0.15457E-19 0.11963E-20 0.99732E-19
0.13527E-01 0.15696E-19 0.12148E-20 0.10128E-18
0.13842E-01 0.15939E-19 0.12336E-20 0.10284E-18
0.14165E-01 0.16186E-19 0.12527E-20 0.10443E-18
0.14495E-01 0.16436E-19 0.12721E-20 0.10605E-18
0.14833E-01 0.16691E-19 0.12918E-20 0.10769E-18
0.15178E-01 0.16949E-19 0.13118E-20 0.10936E-18
0.15532E-01 0.17211E-19 0.13321E-20 0.11105E-18
0.15894E-01 0.17477E-19 0.13527E-20 0.11277E-18
0.16264E-01 0.17748E-19 0.13736E-20 0.11451E-18
0.16643E-01 0.18022E-19 0.13948E-20 0.11628E-18
0.17031E-01 0.18301E-19 0.14164E-20 0.11808E-18
0.17428E-01 0.18585E-19 0.14384E-20 0.11991E-18
0.17834E-01 0.18872E-19 0.14606E-20 0.12177E-18
0.18249E-01 0.19164E-19 0.14832E-20 0.12365E-18
0.18674E-01 0.19461E-19 0.15062E-20 0.12556E-18
0.19109E-01 0.19762E-19 0.15295E-20 0.12751E-18
0.19555E-01 0.20068E-19 0.15531E-20 0.12948E-18
0.20010E-01 0.20378E-19 0.15772E-20 0.13148E-18
0.20477E-01 0.20693E-19 0.16016E-20 0.13352E-18
0.20954E-01 0.21014E-19 0.16263E-20 0.13558E-18
0.21442E-01 0.21339E-19 0.16515E-20 0.13768E-18
0.21941E-01 0.21669E-19 0.16771E-20 0.13981E-18
0.22453E-01 0.22004E-19 0.17030E-20 0.14198E-18
0.22976E-01 0.22345E-19 0.17294E-20 0.14417E-18
0.23511E-01 0.22691E-19 0.17561E-20 0.14640E-18
0.24059E-01 0.23042E-19 0.17833E-20 0.14867E-18
0.24620E-01 0.23398E-19 0.18109E-20 0.15097E-18
0.25193E-01 0.23760E-19 0.18389E-20 0.15331E-18
0.25780E-01 0.24128E-19 0.18674E-20 0.15568E-18
0.26381E-01 0.24501E-19 0.18963E-20 0.15809E-18
0.26996E-01 0.24880E-19 0.19256E-20 0.16053E-18
0.27625E-01 0.25265E-19 0.19554E-20 0.16302E-18
0.28268E-01 0.25656E-19 0.19857E-20 0.16554E-18
0.28927E-01 0.26053E-19 0.20164E-20 0.16810E-18
0.29601E-01 0.26456E-19 0.20476E-20 0.17070E-18
0.30291E-01 0.26866E-19 0.20793E-20 0.17334E-18
0.30996E-01 0.27282E-19 0.21115E-20 0.17603E-18
0.31718E-01 0.27704E-19 0.21441E-20 0.17875E-18
0.32458E-01 0.28132E-19 0.21773E-20 0.18152E-18
0.33214E-01 0.28568E-19 0.22110E-20 0.18432E-18
0.33988E-01 0.29010E-19 0.22452E-20 0.18718E-18
0.34780E-01 0.29459E-19 0.22799E-20 0.19007E-18
0.35590E-01 0.29914E-19 0.23152E-20 0.19301E-18
0.36419E-01 0.30377E-19 0.23510E-20 0.19600E-18
0.37268E-01 0.30847E-19 0.23874E-20 0.19903E-18
0.38136E-01 0.31325E-19 0.24244E-20 0.20211E-18
0.39025E-01 0.31809E-19 0.24619E-20 0.20524E-18
0.39934E-01 0.32302E-19 0.25000E-20 0.20842E-18
0.40864E-01 0.32801E-19 0.25387E-20 0.21164E-18
0.41817E-01 0.33309E-19 0.25779E-20 0.21492E-18
0.42791E-01 0.33824E-19 0.26178E-20 0.21824E-18
0.43788E-01 0.34348E-19 0.26583E-20 0.22162E-18
0.44808E-01 0.34879E-19 0.26995E-20 0.22505E-18
0.45852E-01 0.35419E-19 0.27412E-20 0.22853E-18
0.46921E-01 0.35967E-19 0.27837E-20 0.23207E-18
0.48014E-01 0.36524E-19 0.28267E-20 0.23566E-18
0.49133E-01 0.37089E-19 0.28705E-20 0.23930E-18
0.50277E-01 0.37663E-19 0.29149E-20 0.24301E-18
0.51449E-01 0.38245E-19 0.29600E-20 0.24677E-18
0.52648E-01 0.38837E-19 0.30058E-20 0.25059E-18
0.53874E-01 0.39438E-19 0.30523E-20 0.25446E-18
0.55129E-01 0.40048E-19 0.30995E-20 0.25840E-18
0.56414E-01 0.40668E-19 0.31475E-20 0.26240E-18
0.57728E-01 0.41297E-19 0.31962E-20 0.26646E-18
0.59074E-01 0.41936E-19 0.32457E-20 0.27058E-18
0.60450E-01 0.42585E-19 0.32959E-20 0.27477E-18
0.61858E-01 0.43244E-19 0.33469E-20 0.27902E-18
0.63300E-01 0.43913E-19 0.33987E-20 0.28334E-18
0.64775E-01 0.44593E-19 0.34513E-20 0.28772E-18
0.66284E-01 0.45283E-19 0.35047E-20 0.29217E-18
0.67828E-01 0.45984E-19 0.35589E-20 0.29670E-18
0.69409E-01 0.46695E-19 0.36140E-20 0.30129E-18
0.71026E-01 0.47418E-19 0.36699E-20 0.30595E-18
0.72681E-01 0.48151E-19 0.37267E-20 0.31068E-18
0.74374E-01 0.48896E-19 0.37843E-20 0.31549E-18
0.76107E-01 0.49653E-19 0.38429E-20 0.32037E-18
0.77880E-01 0.50421E-19 0.39024E-20 0.32533E-18
0.79695E-01 0.51202E-19 0.39627E-20 0.33036E-18
0.81552E-01 0.51994E-19 0.40241E-20 0.33547E-18
0.83452E-01 0.52798E-19 0.40863E-20 0.34067E-18
0.85397E-01 0.53615E-19 0.41496E-20 0.34594E-18
0.87386E-01 0.54445E-19 0.42138E-20 0.35129E-18
0.89422E-01 0.55287E-19 0.42790E-20 0.35673E-18
0.91506E-01 0.56143E-19 0.43452E-20 0.36225E-18
0.93638E-01 0.57012E-19 0.44124E-20 0.36785E-18
0.95820E-01 0.57894E-19 0.44807E-20 0.37354E-18
0.98034E-01 0.58782E-19 0.45494E-20 0.37927E-18
0.10030E+00 0.59684E-19 0.46192E-20 0.38509E-18
0.10262E+00 0.60600E-19 0.46901E-20 0.39100E-18
0.10499E+00 0.61530E-19 0.47621E-20 0.39700E-18
0.10741E+00 0.62474E-19 0.48352E-20 0.40310E-18
0.10989E+00 0.63433E-19 0.49094E-20 0.40928E-18
0.11243E+00 0.64406E-19 0.49847E-20 0.41556E-18
0.11503E+00 0.65394E-19 0.50612E-20 0.42194E-18
0.11769E+00 0.66398E-19 0.51388E-20 0.42841E-18
0.12041E+00 0.67417E-19 0.52177E-20 0.43499E-18
0.12319E+00 0.68451E-19 0.52978E-20 0.44166E-18
0.12604E+00 0.69501E-19 0.53791E-20 0.44844E-18
0.12895E+00 0.70568E-19 0.54616E-20 0.45532E-18
0.13193E+00 0.71651E-19 0.55454E-20 0.46231E-18
0.13498E+00 0.72750E-19 0.56305E-20 0.46940E-18
0.13809E+00 0.73866E-19 0.57169E-20 0.47660E-18
0.14129E+00 0.75000E-19 0.58046E-20 0.48391E-18
0.14455E+00 0.76151E-19 0.58937E-20 0.49134E-18
0.14789E+00 0.77319E-19 0.59841E-20 0.49888E-18
0.15131E+00 0.78506E-19 0.60759E-20 0.50653E-18
0.15480E+00 0.79710E-19 0.61692E-20 0.51431E-18
0.15838E+00 0.80933E-19 0.62638E-20 0.52220E-18
0.16204E+00 0.82175E-19 0.63600E-20 0.53021E-18
0.16578E+00 0.83436E-19 0.64575E-20 0.53835E-18
0.16961E+00 0.84717E-19 0.65566E-20 0.54661E-18
0.17353E+00 0.86016E-19 0.66572E-20 0.55500E-18
0.17754E+00 0.87336E-19 0.67594E-20 0.56351E-18
0.18164E+00 0.88677E-19 0.68631E-20 0.57216E-18
0.18584E+00 0.90037E-19 0.69684E-20 0.58094E-18
0.19013E+00 0.91419E-19 0.70753E-20 0.58985E-18
0.19270E+00 0.92241E-19 0.71390E-20 0.59516E-18
0.19531E+00 0.93070E-19 0.72031E-20 0.60051E-18
0.19795E+00 0.93907E-19 0.72679E-20 0.60591E-18
0.20062E+00 0.94751E-19 0.73332E-20 0.61135E-18
0.20334E+00 0.95603E-19 0.73992E-20 0.61685E-18
0.20608E+00 0.96462E-19 0.74657E-20 0.62239E-18
0.20887E+00 0.97329E-19 0.75328E-20 0.62799E-18
0.21169E+00 0.98204E-19 0.76005E-20 0.63364E-18
0.21455E+00 0.99087E-19 0.76689E-20 0.63933E-18
0.21745E+00 0.99978E-19 0.77378E-20 0.64508E-18
0.22039E+00 0.10088E-18 0.78074E-20 0.65088E-18
0.22337E+00 0.10178E-18 0.78775E-20 0.65673E-18
0.22639E+00 0.10270E-18 0.79484E-20 0.66263E-18
0.22945E+00 0.10362E-18 0.80198E-20 0.66859E-18
0.23255E+00 0.10455E-18 0.80919E-20 0.67460E-18
0.23569E+00 0.10549E-18 0.81647E-20 0.68067E-18
0.23888E+00 0.10644E-18 0.82381E-20 0.68679E-18
0.24211E+00 0.10740E-18 0.83121E-20 0.69296E-18
0.24538E+00 0.10836E-18 0.83869E-20 0.69919E-18
0.24870E+00 0.10934E-18 0.84623E-20 0.70548E-18
0.25206E+00 0.11032E-18 0.85383E-20 0.71182E-18
0.25546E+00 0.11131E-18 0.86151E-20 0.71822E-18
0.25892E+00 0.11231E-18 0.86926E-20 0.72467E-18
0.26242E+00 0.11332E-18 0.87707E-20 0.73119E-18
0.26596E+00 0.11434E-18 0.88496E-20 0.73776E-18
0.26956E+00 0.11537E-18 0.89291E-20 0.74440E-18
0.27320E+00 0.11641E-18 0.90094E-20 0.75109E-18
0.27689E+00 0.11745E-18 0.90904E-20 0.75784E-18
0.28064E+00 0.11851E-18 0.91721E-20 0.76465E-18
0.28443E+00 0.11958E-18 0.92546E-20 0.77153E-18
0.28716E+00 0.12034E-18 0.93136E-20 0.77645E-18
0.28991E+00 0.12111E-18 0.93731E-20 0.78141E-18
0.29269E+00 0.12188E-18 0.94329E-20 0.78640E-18
0.29550E+00 0.12266E-18 0.94931E-20 0.79142E-18
0.29833E+00 0.12344E-18 0.95537E-20 0.79647E-18
0.30119E+00 0.12423E-18 0.96147E-20 0.80155E-18
0.30408E+00 0.12502E-18 0.96761E-20 0.80667E-18
0.30699E+00 0.12582E-18 0.97378E-20 0.81182E-18
0.30994E+00 0.12662E-18 0.98000E-20 0.81700E-18
0.31291E+00 0.12743E-18 0.98625E-20 0.82221E-18
0.31591E+00 0.12824E-18 0.99255E-20 0.82746E-18
0.31894E+00 0.12906E-18 0.99888E-20 0.83274E-18
0.32200E+00 0.12989E-18 0.10053E-19 0.83806E-18
0.32509E+00 0.13072E-18 0.10117E-19 0.84341E-18
0.32820E+00 0.13155E-18 0.10181E-19 0.84879E-18
0.33135E+00 0.13239E-18 0.10246E-19 0.85421E-18
0.33453E+00 0.13323E-18 0.10312E-19 0.85966E-18
0.33774E+00 0.13409E-18 0.10378E-19 0.86515E-18
0.34098E+00 0.13494E-18 0.10444E-19 0.87067E-18
0.34425E+00 0.13580E-18 0.10510E-19 0.87622E-18
0.34755E+00 0.13667E-18 0.10577E-19 0.88182E-18
0.35088E+00 0.13754E-18 0.10645E-19 0.88745E-18
0.35424E+00 0.13842E-18 0.10713E-19 0.89311E-18
0.35764E+00 0.13930E-18 0.10781E-19 0.89881E-18
0.36107E+00 0.14019E-18 0.10850E-19 0.90455E-18
0.36453E+00 0.14109E-18 0.10919E-19 0.91032E-18
0.36803E+00 0.14199E-18 0.10989E-19 0.91613E-18
0.37156E+00 0.14289E-18 0.11059E-19 0.92198E-18
0.37512E+00 0.14381E-18 0.11130E-19 0.92786E-18
0.37872E+00 0.14472E-18 0.11201E-19 0.93379E-18
0.38153E+00 0.14544E-18 0.11256E-19 0.93841E-18
0.38437E+00 0.14616E-18 0.11312E-19 0.94306E-18
0.38723E+00 0.14688E-18 0.11368E-19 0.94773E-18
0.39011E+00 0.14761E-18 0.11424E-19 0.95242E-18
0.39301E+00 0.14834E-18 0.11481E-19 0.95714E-18
0.39594E+00 0.14908E-18 0.11538E-19 0.96188E-18
0.39888E+00 0.14982E-18 0.11595E-19 0.96664E-18
0.40185E+00 0.15056E-18 0.11652E-19 0.97143E-18
0.40484E+00 0.15130E-18 0.11710E-19 0.97624E-18
0.40785E+00 0.15205E-18 0.11768E-19 0.98108E-18
0.41088E+00 0.15281E-18 0.11826E-19 0.98594E-18
0.41394E+00 0.15356E-18 0.11885E-19 0.99082E-18
0.41702E+00 0.15432E-18 0.11944E-19 0.99573E-18
0.42012E+00 0.15509E-18 0.12003E-19 0.10007E-17
0.42324E+00 0.15586E-18 0.12062E-19 0.10056E-17
0.42639E+00 0.15663E-18 0.12122E-19 0.10106E-17
0.42956E+00 0.15740E-18 0.12182E-19 0.10156E-17
0.43276E+00 0.15818E-18 0.12243E-19 0.10206E-17
0.43598E+00 0.15897E-18 0.12303E-19 0.10257E-17
0.43922E+00 0.15975E-18 0.12364E-19 0.10308E-17
0.44249E+00 0.16054E-18 0.12425E-19 0.10359E-17
0.44578E+00 0.16134E-18 0.12487E-19 0.10410E-17
0.44910E+00 0.16214E-18 0.12549E-19 0.10462E-17
0.45244E+00 0.16294E-18 0.12611E-19 0.10513E-17
0.45580E+00 0.16375E-18 0.12673E-19 0.10565E-17
0.45919E+00 0.16456E-18 0.12736E-19 0.10618E-17
0.46261E+00 0.16537E-18 0.12799E-19 0.10670E-17
0.46605E+00 0.16619E-18 0.12863E-19 0.10723E-17
0.46951E+00 0.16702E-18 0.12926E-19 0.10776E-17
0.47301E+00 0.16784E-18 0.12990E-19 0.10830E-17
0.47588E+00 0.16852E-18 0.13043E-19 0.10873E-17
0.47877E+00 0.16921E-18 0.13096E-19 0.10918E-17
0.48168E+00 0.16989E-18 0.13149E-19 0.10962E-17
0.48461E+00 0.17058E-18 0.13202E-19 0.11006E-17
0.48756E+00 0.17127E-18 0.13255E-19 0.11051E-17
0.49052E+00 0.17196E-18 0.13309E-19 0.11095E-17
0.49350E+00 0.17266E-18 0.13363E-19 0.11140E-17
0.49650E+00 0.17336E-18 0.13417E-19 0.11185E-17
0.49952E+00 0.17406E-18 0.13471E-19 0.11231E-17
0.50255E+00 0.17476E-18 0.13526E-19 0.11276E-17
0.50561E+00 0.17547E-18 0.13581E-19 0.11322E-17
0.50868E+00 0.17618E-18 0.13635E-19 0.11368E-17
0.51177E+00 0.17689E-18 0.13691E-19 0.11414E-17
0.51488E+00 0.17761E-18 0.13746E-19 0.11460E-17
0.51801E+00 0.17833E-18 0.13802E-19 0.11506E-17
0.52116E+00 0.17905E-18 0.13858E-19 0.11553E-17
0.52433E+00 0.17977E-18 0.13914E-19 0.11599E-17
0.52751E+00 0.18050E-18 0.13970E-19 0.11646E-17
0.53072E+00 0.18123E-18 0.14027E-19 0.11694E-17
0.53394E+00 0.18197E-18 0.14083E-19 0.11741E-17
0.53719E+00 0.18270E-18 0.14140E-19 0.11788E-17
0.54045E+00 0.18344E-18 0.14198E-19 0.11836E-17
0.54374E+00 0.18419E-18 0.14255E-19 0.11884E-17
0.54704E+00 0.18493E-18 0.14313E-19 0.11932E-17
0.55037E+00 0.18568E-18 0.14371E-19 0.11980E-17
0.55371E+00 0.18643E-18 0.14429E-19 0.12029E-17
0.55708E+00 0.18719E-18 0.14487E-19 0.12078E-17
0.56046E+00 0.18794E-18 0.14546E-19 0.12126E-17
0.56387E+00 0.18870E-18 0.14605E-19 0.12176E-17
0.56729E+00 0.18947E-18 0.14664E-19 0.12225E-17
0.57021E+00 0.19012E-18 0.14714E-19 0.12267E-17
0.57314E+00 0.19077E-18 0.14764E-19 0.12309E-17
0.57608E+00 0.19142E-18 0.14815E-19 0.12351E-17
0.57904E+00 0.19207E-18 0.14866E-19 0.12393E-17
0.58202E+00 0.19273E-18 0.14916E-19 0.12435E-17
0.58501E+00 0.19339E-18 0.14968E-19 0.12478E-17
0.58802E+00 0.19405E-18 0.15019E-19 0.12521E-17
0.59104E+00 0.19472E-18 0.15070E-19 0.12564E-17
0.59408E+00 0.19538E-18 0.15122E-19 0.12607E-17
0.59713E+00 0.19605E-18 0.15174E-19 0.12650E-17
0.60020E+00 0.19672E-18 0.15225E-19 0.12693E-17
0.60328E+00 0.19740E-18 0.15278E-19 0.12736E-17
0.60638E+00 0.19807E-18 0.15330E-19 0.12780E-17
0.60950E+00 0.19875E-18 0.15382E-19 0.12824E-17
0.61263E+00 0.19943E-18 0.15435E-19 0.12868E-17
0.61578E+00 0.20011E-18 0.15488E-19 0.12912E-17
0.61894E+00 0.20080E-18 0.15541E-19 0.12956E-17
0.62212E+00 0.20149E-18 0.15594E-19 0.13000E-17
0.62532E+00 0.20218E-18 0.15647E-19 0.13045E-17
0.62853E+00 0.20287E-18 0.15701E-19 0.13089E-17
0.63176E+00 0.20356E-18 0.15755E-19 0.13134E-17
0.63501E+00 0.20426E-18 0.15809E-19 0.13179E-17
0.63827E+00 0.20496E-18 0.15863E-19 0.13224E-17
0.64155E+00 0.20566E-18 0.15917E-19 0.13270E-17
0.64484E+00 0.20636E-18 0.15971E-19 0.13315E-17
0.64816E+00 0.20707E-18 0.16026E-19 0.13361E-17
0.65149E+00 0.20778E-18 0.16081E-19 0.13406E-17
0.65484E+00 0.20849E-18 0.16136E-19 0.13452E-17
0.65820E+00 0.20920E-18 0.16191E-19 0.13498E-17
0.66158E+00 0.20992E-18 0.16247E-19 0.13544E-17
0.66453E+00 0.21054E-18 0.16295E-19 0.13585E-17
0.66749E+00 0.21117E-18 0.16343E-19 0.13625E-17
0.67046E+00 0.21179E-18 0.16392E-19 0.13665E-17
0.67344E+00 0.21242E-18 0.16440E-19 0.13706E-17
0.67644E+00 0.21305E-18 0.16489E-19 0.13746E-17
0.67945E+00 0.21368E-18 0.16538E-19 0.13787E-17
0.68247E+00 0.21431E-18 0.16587E-19 0.13828E-17
0.68551E+00 0.21495E-18 0.16636E-19 0.13869E-17
0.68856E+00 0.21559E-18 0.16685E-19 0.13910E-17
0.69163E+00 0.21623E-18 0.16735E-19 0.13951E-17
0.69471E+00 0.21687E-18 0.16784E-19 0.13993E-17
0.69780E+00 0.21751E-18 0.16834E-19 0.14034E-17
0.70090E+00 0.21816E-18 0.16884E-19 0.14076E-17
0.70402E+00 0.21880E-18 0.16934E-19 0.14118E-17
0.70716E+00 0.21945E-18 0.16984E-19 0.14159E-17
0.71030E+00 0.22010E-18 0.17035E-19 0.14201E-17
0.71347E+00 0.22076E-18 0.17085E-19 0.14244E-17
0.71664E+00 0.22141E-18 0.17136E-19 0.14286E-17
0.71983E+00 0.22207E-18 0.17187E-19 0.14328E-17
0.72304E+00 0.22272E-18 0.17238E-19 0.14371E-17
0.72625E+00 0.22339E-18 0.17289E-19 0.14413E-17
0.72949E+00 0.22405E-18 0.17340E-19 0.14456E-17
0.73273E+00 0.22471E-18 0.17392E-19 0.14499E-17
0.73599E+00 0.22538E-18 0.17443E-19 0.14542E-17
0.73927E+00 0.22605E-18 0.17495E-19 0.14585E-17
0.74256E+00 0.22672E-18 0.17547E-19 0.14628E-17
0.74587E+00 0.22739E-18 0.17599E-19 0.14672E-17
0.74919E+00 0.22806E-18 0.17651E-19 0.14715E-17
0.75252E+00 0.22874E-18 0.17703E-19 0.14759E-17
0.75587E+00 0.22942E-18 0.17756E-19 0.14803E-17
0.75884E+00 0.23002E-18 0.17802E-19 0.14841E-17
0.76182E+00 0.23062E-18 0.17849E-19 0.14880E-17
0.76481E+00 0.23122E-18 0.17895E-19 0.14919E-17
0.76781E+00 0.23183E-18 0.17942E-19 0.14958E-17
0.77083E+00 0.23243E-18 0.17989E-19 0.14997E-17
0.77385E+00 0.23304E-18 0.18036E-19 0.15036E-17
0.77689E+00 0.23365E-18 0.18083E-19 0.15076E-17
0.77994E+00 0.23426E-18 0.18131E-19 0.15115E-17
0.78300E+00 0.23488E-18 0.18178E-19 0.15155E-17
0.78608E+00 0.23549E-18 0.18226E-19 0.15194E-17
0.78916E+00 0.23611E-18 0.18273E-19 0.15234E-17
0.79226E+00 0.23672E-18 0.18321E-19 0.15274E-17
0.79537E+00 0.23734E-18 0.18369E-19 0.15314E-17
0.79849E+00 0.23796E-18 0.18417E-19 0.15354E-17
0.80163E+00 0.23859E-18 0.18465E-19 0.15394E-17
0.80478E+00 0.23921E-18 0.18514E-19 0.15434E-17
0.80794E+00 0.23984E-18 0.18562E-19 0.15475E-17
0.81111E+00 0.24046E-18 0.18611E-19 0.15515E-17
0.81429E+00 0.24109E-18 0.18659E-19 0.15556E-17
0.81749E+00 0.24172E-18 0.18708E-19 0.15596E-17
0.82070E+00 0.24235E-18 0.18757E-19 0.15637E-17
0.82392E+00 0.24299E-18 0.18806E-19 0.15678E-17
0.82716E+00 0.24362E-18 0.18855E-19 0.15719E-17
0.83040E+00 0.24426E-18 0.18905E-19 0.15760E-17
0.83366E+00 0.24490E-18 0.18954E-19 0.15801E-17
0.83694E+00 0.24554E-18 0.19004E-19 0.15843E-17
0.84022E+00 0.24618E-18 0.19053E-19 0.15884E-17
0.84352E+00 0.24683E-18 0.19103E-19 0.15926E-17
0.84683E+00 0.24747E-18 0.19153E-19 0.15967E-17
0.85016E+00 0.24812E-18 0.19203E-19 0.16009E-17
0.85314E+00 0.24870E-18 0.19248E-19 0.16047E-17
0.85614E+00 0.24928E-18 0.19293E-19 0.16084E-17
0.85915E+00 0.24987E-18 0.19338E-19 0.16122E-17
0.86216E+00 0.25045E-18 0.19384E-19 0.16160E-17
0.86519E+00 0.25104E-18 0.19429E-19 0.16197E-17
0.86823E+00 0.25162E-18 0.19474E-19 0.16235E-17
0.87128E+00 0.25221E-18 0.19520E-19 0.16273E-17
0.87434E+00 0.25280E-18 0.19566E-19 0.16311E-17
0.87741E+00 0.25339E-18 0.19611E-19 0.16350E-17
0.88049E+00 0.25399E-18 0.19657E-19 0.16388E-17
0.88358E+00 0.25458E-18 0.19703E-19 0.16426E-17
0.88669E+00 0.25518E-18 0.19749E-19 0.16465E-17
0.88980E+00 0.25577E-18 0.19796E-19 0.16503E-17
0.89293E+00 0.25637E-18 0.19842E-19 0.16542E-17
0.89606E+00 0.25697E-18 0.19888E-19 0.16580E-17
0.89921E+00 0.25757E-18 0.19935E-19 0.16619E-17
0.90237E+00 0.25818E-18 0.19982E-19 0.16658E-17
0.90554E+00 0.25878E-18 0.20028E-19 0.16697E-17
0.90872E+00 0.25939E-18 0.20075E-19 0.16736E-17
0.91191E+00 0.25999E-18 0.20122E-19 0.16775E-17
0.91511E+00 0.26060E-18 0.20169E-19 0.16815E-17
0.91833E+00 0.26121E-18 0.20216E-19 0.16854E-17
0.92155E+00 0.26182E-18 0.20264E-19 0.16893E-17
0.92479E+00 0.26244E-18 0.20311E-19 0.16933E-17
0.92803E+00 0.26305E-18 0.20359E-19 0.16973E-17
0.93129E+00 0.26367E-18 0.20406E-19 0.17012E-17
0.93456E+00 0.26428E-18 0.20454E-19 0.17052E-17
0.93785E+00 0.26490E-18 0.20502E-19 0.17092E-17
0.94114E+00 0.26552E-18 0.20550E-19 0.17132E-17
0.94445E+00 0.26614E-18 0.20598E-19 0.17172E-17
0.94745E+00 0.26671E-18 0.20642E-19 0.17208E-17
0.95046E+00 0.26727E-18 0.20685E-19 0.17245E-17
0.95348E+00 0.26784E-18 0.20729E-19 0.17281E-17
0.95650E+00 0.26840E-18 0.20773E-19 0.17318E-17
0.95954E+00 0.26897E-18 0.20817E-19 0.17355E-17
0.96259E+00 0.26954E-18 0.20861E-19 0.17391E-17
0.96565E+00 0.27011E-18 0.20905E-19 0.17428E-17
0.96872E+00 0.27068E-18 0.20949E-19 0.17465E-17
0.97180E+00 0.27126E-18 0.20994E-19 0.17502E-17
0.97488E+00 0.27183E-18 0.21038E-19 0.17539E-17
0.97798E+00 0.27241E-18 0.21083E-19 0.17576E-17
0.98109E+00 0.27298E-18 0.21127E-19 0.17613E-17
0.98420E+00 0.27356E-18 0.21172E-19 0.17651E-17
0.98733E+00 0.27414E-18 0.21217E-19 0.17688E-17
0.99047E+00 0.27472E-18 0.21262E-19 0.17725E-17
0.99362E+00 0.27530E-18 0.21307E-19 0.17763E-17
0.99677E+00 0.27588E-18 0.21352E-19 0.17801E-17
0.99994E+00 0.27647E-18 0.21397E-19 0.17838E-17
0.10031E+01 0.27705E-18 0.21442E-19 0.17876E-17
0.10063E+01 0.27764E-18 0.21488E-19 0.17914E-17
0.10095E+01 0.27823E-18 0.21533E-19 0.17952E-17
0.10127E+01 0.27882E-18 0.21579E-19 0.17990E-17
0.10159E+01 0.27941E-18 0.21625E-19 0.18028E-17
0.10192E+01 0.28000E-18 0.21670E-19 0.18066E-17
0.10224E+01 0.28059E-18 0.21716E-19 0.18104E-17
0.10256E+01 0.28118E-18 0.21762E-19 0.18143E-17
0.10289E+01 0.28178E-18 0.21808E-19 0.18181E-17
0.10322E+01 0.28238E-18 0.21854E-19 0.18219E-17
0.10354E+01 0.28297E-18 0.21901E-19 0.18258E-17
0.10387E+01 0.28357E-18 0.21947E-19 0.18297E-17
