# Histogram file, Snapshot 27
# bin centers, z
1.2203323873500000e-02 0.0000000000000000e+00
2.2203323873500002e-02 0.0000000000000000e+00
3.2203323873500000e-02 0.0000000000000000e+00
4.2203323873500002e-02 0.0000000000000000e+00
5.2203323873500004e-02 0.0000000000000000e+00
6.2203323873500006e-02 0.0000000000000000e+00
7.2203323873500022e-02 0.0000000000000000e+00
8.2203323873500017e-02 0.0000000000000000e+00
9.2203323873500026e-02 0.0000000000000000e+00
1.0220332387350003e-01 0.0000000000000000e+00
1.1220332387350003e-01 0.0000000000000000e+00
1.2220332387350002e-01 0.0000000000000000e+00
1.3220332387350003e-01 0.0000000000000000e+00
1.4220332387350004e-01 0.0000000000000000e+00
1.5220332387350002e-01 0.0000000000000000e+00
1.6220332387350003e-01 0.0000000000000000e+00
1.7220332387350004e-01 0.0000000000000000e+00
1.8220332387350005e-01 0.0000000000000000e+00
1.9220332387350006e-01 0.0000000000000000e+00
2.0220332387350004e-01 0.0000000000000000e+00
2.1220332387350005e-01 0.0000000000000000e+00
2.2220332387350006e-01 0.0000000000000000e+00
2.3220332387350004e-01 0.0000000000000000e+00
2.4220332387350005e-01 0.0000000000000000e+00
2.5220332387350003e-01 0.0000000000000000e+00
2.6220332387350004e-01 0.0000000000000000e+00
2.7220332387350005e-01 0.0000000000000000e+00
2.8220332387350006e-01 0.0000000000000000e+00
2.9220332387350001e-01 0.0000000000000000e+00
3.0220332387350002e-01 0.0000000000000000e+00
3.1220332387350003e-01 0.0000000000000000e+00
3.2220332387350004e-01 0.0000000000000000e+00
3.3220332387350004e-01 0.0000000000000000e+00
3.4220332387350005e-01 0.0000000000000000e+00
3.5220332387350006e-01 0.0000000000000000e+00
3.6220332387350007e-01 0.0000000000000000e+00
3.7220332387350008e-01 0.0000000000000000e+00
3.8220332387350003e-01 0.0000000000000000e+00
3.9220332387350004e-01 0.0000000000000000e+00
4.0220332387350005e-01 0.0000000000000000e+00
4.1220332387350006e-01 0.0000000000000000e+00
4.2220332387350007e-01 0.0000000000000000e+00
4.3220332387350008e-01 0.0000000000000000e+00
4.4220332387350009e-01 0.0000000000000000e+00
4.5220332387350004e-01 0.0000000000000000e+00
4.6220332387350005e-01 0.0000000000000000e+00
4.7220332387350006e-01 0.0000000000000000e+00
4.8220332387350007e-01 0.0000000000000000e+00
4.9220332387350008e-01 0.0000000000000000e+00
5.0220332387350008e-01 0.0000000000000000e+00
5.1220332387350009e-01 0.0000000000000000e+00
5.2220332387350010e-01 0.0000000000000000e+00
5.3220332387350011e-01 0.0000000000000000e+00
5.4220332387350012e-01 0.0000000000000000e+00
5.5220332387350013e-01 0.0000000000000000e+00
5.6220332387350014e-01 0.0000000000000000e+00
5.7220332387350004e-01 0.0000000000000000e+00
5.8220332387350004e-01 0.0000000000000000e+00
5.9220332387350005e-01 0.0000000000000000e+00
6.0220332387350006e-01 0.0000000000000000e+00
6.1220332387350007e-01 0.0000000000000000e+00
6.2220332387350008e-01 0.0000000000000000e+00
6.3220332387350009e-01 0.0000000000000000e+00
6.4220332387350010e-01 0.0000000000000000e+00
6.5220332387350011e-01 0.0000000000000000e+00
6.6220332387350012e-01 0.0000000000000000e+00
6.7220332387350012e-01 0.0000000000000000e+00
6.8220332387350013e-01 0.0000000000000000e+00
6.9220332387350014e-01 0.0000000000000000e+00
7.0220332387350015e-01 0.0000000000000000e+00
7.1220332387350016e-01 0.0000000000000000e+00
7.2220332387350017e-01 0.0000000000000000e+00
7.3220332387350018e-01 0.0000000000000000e+00
7.4220332387350008e-01 0.0000000000000000e+00
7.5220332387350008e-01 0.0000000000000000e+00
7.6220332387350009e-01 0.0000000000000000e+00
7.7220332387350010e-01 0.0000000000000000e+00
7.8220332387350011e-01 0.0000000000000000e+00
7.9220332387350012e-01 0.0000000000000000e+00
8.0220332387350013e-01 0.0000000000000000e+00
8.1220332387350014e-01 0.0000000000000000e+00
8.2220332387350015e-01 0.0000000000000000e+00
8.3220332387350016e-01 0.0000000000000000e+00
8.4220332387350016e-01 0.0000000000000000e+00
8.5220332387350017e-01 0.0000000000000000e+00
8.6220332387350018e-01 0.0000000000000000e+00
8.7220332387350019e-01 0.0000000000000000e+00
8.8220332387350020e-01 0.0000000000000000e+00
8.9220332387350010e-01 0.0000000000000000e+00
9.0220332387350011e-01 0.0000000000000000e+00
9.1220332387350012e-01 0.0000000000000000e+00
9.2220332387350012e-01 0.0000000000000000e+00
9.3220332387350013e-01 0.0000000000000000e+00
9.4220332387350014e-01 0.0000000000000000e+00
9.5220332387350015e-01 0.0000000000000000e+00
9.6220332387350016e-01 0.0000000000000000e+00
9.7220332387350017e-01 0.0000000000000000e+00
9.8220332387350018e-01 0.0000000000000000e+00
9.9220332387350019e-01 0.0000000000000000e+00
1.0022033238735002e+00 0.0000000000000000e+00
1.0122033238735002e+00 0.0000000000000000e+00
1.0222033238735002e+00 0.0000000000000000e+00
1.0322033238735002e+00 0.0000000000000000e+00
1.0422033238735002e+00 0.0000000000000000e+00
1.0522033238735002e+00 0.0000000000000000e+00
1.0622033238735002e+00 0.0000000000000000e+00
1.0722033238735003e+00 0.0000000000000000e+00
1.0822033238735003e+00 0.0000000000000000e+00
1.0922033238735003e+00 0.0000000000000000e+00
1.1022033238735003e+00 0.0000000000000000e+00
1.1122033238735003e+00 0.0000000000000000e+00
1.1222033238735003e+00 0.0000000000000000e+00
1.1322033238735001e+00 0.0000000000000000e+00
1.1422033238735001e+00 0.0000000000000000e+00
1.1522033238735001e+00 0.0000000000000000e+00
1.1622033238735001e+00 0.0000000000000000e+00
1.1722033238735001e+00 0.0000000000000000e+00
1.1822033238735001e+00 0.0000000000000000e+00
1.1922033238735001e+00 0.0000000000000000e+00
1.2022033238735002e+00 0.0000000000000000e+00
1.2122033238735002e+00 0.0000000000000000e+00
1.2222033238735002e+00 0.0000000000000000e+00
1.2322033238735002e+00 0.0000000000000000e+00
1.2422033238735002e+00 0.0000000000000000e+00
1.2522033238735002e+00 0.0000000000000000e+00
1.2622033238735002e+00 0.0000000000000000e+00
1.2722033238735002e+00 0.0000000000000000e+00
1.2822033238735002e+00 0.0000000000000000e+00
1.2922033238735002e+00 0.0000000000000000e+00
1.3022033238735002e+00 0.0000000000000000e+00
1.3122033238735002e+00 0.0000000000000000e+00
1.3222033238735003e+00 0.0000000000000000e+00
1.3322033238735003e+00 0.0000000000000000e+00
1.3422033238735003e+00 0.0000000000000000e+00
1.3522033238735003e+00 0.0000000000000000e+00
1.3622033238735003e+00 0.0000000000000000e+00
1.3722033238735003e+00 0.0000000000000000e+00
1.3822033238735003e+00 0.0000000000000000e+00
1.3922033238735003e+00 0.0000000000000000e+00
1.4022033238735003e+00 0.0000000000000000e+00
1.4122033238735003e+00 0.0000000000000000e+00
1.4222033238735003e+00 0.0000000000000000e+00
1.4322033238735004e+00 0.0000000000000000e+00
1.4422033238735004e+00 0.0000000000000000e+00
1.4522033238735004e+00 0.0000000000000000e+00
1.4622033238735002e+00 0.0000000000000000e+00
1.4722033238735002e+00 0.0000000000000000e+00
1.4822033238735002e+00 0.0000000000000000e+00
1.4922033238735002e+00 0.0000000000000000e+00
1.5022033238735002e+00 0.0000000000000000e+00
1.5122033238735002e+00 0.0000000000000000e+00
1.5222033238735002e+00 0.0000000000000000e+00
1.5322033238735002e+00 0.0000000000000000e+00
1.5422033238735002e+00 0.0000000000000000e+00
1.5522033238735002e+00 0.0000000000000000e+00
1.5622033238735002e+00 0.0000000000000000e+00
1.5722033238735003e+00 0.0000000000000000e+00
1.5822033238735003e+00 0.0000000000000000e+00
1.5922033238735003e+00 0.0000000000000000e+00
1.6022033238735003e+00 0.0000000000000000e+00
1.6122033238735003e+00 0.0000000000000000e+00
1.6222033238735003e+00 0.0000000000000000e+00
1.6322033238735003e+00 0.0000000000000000e+00
1.6422033238735003e+00 0.0000000000000000e+00
1.6522033238735003e+00 0.0000000000000000e+00
1.6622033238735003e+00 0.0000000000000000e+00
1.6722033238735003e+00 0.0000000000000000e+00
1.6822033238735004e+00 0.0000000000000000e+00
1.6922033238735004e+00 0.0000000000000000e+00
1.7022033238735004e+00 0.0000000000000000e+00
1.7122033238735004e+00 0.0000000000000000e+00
1.7222033238735004e+00 0.0000000000000000e+00
1.7322033238735004e+00 0.0000000000000000e+00
1.7422033238735004e+00 0.0000000000000000e+00
1.7522033238735004e+00 0.0000000000000000e+00
1.7622033238735004e+00 0.0000000000000000e+00
1.7722033238735002e+00 0.0000000000000000e+00
1.7822033238735002e+00 0.0000000000000000e+00
1.7922033238735002e+00 0.0000000000000000e+00
1.8022033238735002e+00 0.0000000000000000e+00
1.8122033238735002e+00 0.0000000000000000e+00
1.8222033238735003e+00 0.0000000000000000e+00
1.8322033238735003e+00 0.0000000000000000e+00
1.8422033238735003e+00 0.0000000000000000e+00
1.8522033238735003e+00 0.0000000000000000e+00
1.8622033238735003e+00 0.0000000000000000e+00
1.8722033238735003e+00 0.0000000000000000e+00
1.8822033238735003e+00 0.0000000000000000e+00
1.8922033238735003e+00 0.0000000000000000e+00
1.9022033238735003e+00 0.0000000000000000e+00
1.9122033238735003e+00 0.0000000000000000e+00
1.9222033238735003e+00 0.0000000000000000e+00
1.9322033238735004e+00 0.0000000000000000e+00
1.9422033238735004e+00 0.0000000000000000e+00
1.9522033238735004e+00 0.0000000000000000e+00
1.9622033238735004e+00 0.0000000000000000e+00
1.9722033238735004e+00 0.0000000000000000e+00
1.9822033238735004e+00 0.0000000000000000e+00
1.9922033238735004e+00 0.0000000000000000e+00
2.0022033238735006e+00 0.0000000000000000e+00
2.0122033238735004e+00 0.0000000000000000e+00
2.0222033238735002e+00 0.0000000000000000e+00
2.0322033238735004e+00 0.0000000000000000e+00
2.0422033238735002e+00 0.0000000000000000e+00
2.0522033238735005e+00 0.0000000000000000e+00
2.0622033238735002e+00 0.0000000000000000e+00
2.0722033238735005e+00 0.0000000000000000e+00
2.0822033238735003e+00 0.0000000000000000e+00
2.0922033238735005e+00 0.0000000000000000e+00
2.1022033238735003e+00 0.0000000000000000e+00
2.1122033238735005e+00 0.0000000000000000e+00
2.1222033238735003e+00 0.0000000000000000e+00
2.1322033238735005e+00 0.0000000000000000e+00
2.1422033238735003e+00 0.0000000000000000e+00
2.1522033238735006e+00 0.0000000000000000e+00
2.1622033238735003e+00 0.0000000000000000e+00
2.1722033238735006e+00 0.0000000000000000e+00
2.1822033238735004e+00 0.0000000000000000e+00
2.1922033238735006e+00 0.0000000000000000e+00
2.2022033238735004e+00 0.0000000000000000e+00
2.2122033238735006e+00 0.0000000000000000e+00
2.2222033238735004e+00 0.0000000000000000e+00
2.2322033238735006e+00 0.0000000000000000e+00
2.2422033238735004e+00 0.0000000000000000e+00
2.2522033238735002e+00 0.0000000000000000e+00
2.2622033238735004e+00 0.0000000000000000e+00
2.2722033238735002e+00 0.0000000000000000e+00
2.2822033238735004e+00 0.0000000000000000e+00
2.2922033238735002e+00 0.0000000000000000e+00
2.3022033238735005e+00 0.0000000000000000e+00
2.3122033238735002e+00 0.0000000000000000e+00
2.3222033238735005e+00 0.0000000000000000e+00
2.3322033238735003e+00 0.0000000000000000e+00
2.3422033238735005e+00 0.0000000000000000e+00
2.3522033238735003e+00 0.0000000000000000e+00
2.3622033238735005e+00 0.0000000000000000e+00
2.3722033238735003e+00 0.0000000000000000e+00
2.3822033238735005e+00 0.0000000000000000e+00
2.3922033238735003e+00 0.0000000000000000e+00
2.4022033238735006e+00 0.0000000000000000e+00
2.4122033238735003e+00 0.0000000000000000e+00
2.4222033238735006e+00 0.0000000000000000e+00
2.4322033238735004e+00 0.0000000000000000e+00
2.4422033238735006e+00 0.0000000000000000e+00
2.4522033238735004e+00 0.0000000000000000e+00
2.4622033238735006e+00 0.0000000000000000e+00
2.4722033238735004e+00 0.0000000000000000e+00
2.4822033238735006e+00 0.0000000000000000e+00
2.4922033238735004e+00 0.0000000000000000e+00
2.5022033238735006e+00 0.0000000000000000e+00
2.5122033238735004e+00 0.0000000000000000e+00
2.5222033238735007e+00 0.0000000000000000e+00
2.5322033238735004e+00 0.0000000000000000e+00
2.5422033238735007e+00 0.0000000000000000e+00
2.5522033238735005e+00 0.0000000000000000e+00
2.5622033238735007e+00 0.0000000000000000e+00
2.5722033238735005e+00 0.0000000000000000e+00
2.5822033238735003e+00 0.0000000000000000e+00
2.5922033238735005e+00 0.0000000000000000e+00
2.6022033238735003e+00 0.0000000000000000e+00
2.6122033238735005e+00 0.0000000000000000e+00
2.6222033238735003e+00 0.0000000000000000e+00
2.6322033238735005e+00 0.0000000000000000e+00
2.6422033238735003e+00 0.0000000000000000e+00
2.6522033238735006e+00 0.0000000000000000e+00
2.6622033238735003e+00 0.0000000000000000e+00
2.6722033238735006e+00 0.0000000000000000e+00
2.6822033238735004e+00 0.0000000000000000e+00
2.6922033238735006e+00 0.0000000000000000e+00
2.7022033238735004e+00 0.0000000000000000e+00
2.7122033238735006e+00 0.0000000000000000e+00
2.7222033238735004e+00 0.0000000000000000e+00
2.7322033238735006e+00 0.0000000000000000e+00
2.7422033238735004e+00 0.0000000000000000e+00
2.7522033238735006e+00 0.0000000000000000e+00
2.7622033238735004e+00 0.0000000000000000e+00
2.7722033238735007e+00 0.0000000000000000e+00
2.7822033238735004e+00 0.0000000000000000e+00
2.7922033238735007e+00 0.0000000000000000e+00
2.8022033238735005e+00 0.0000000000000000e+00
2.8122033238735007e+00 0.0000000000000000e+00
2.8222033238735005e+00 0.0000000000000000e+00
2.8322033238735007e+00 0.0000000000000000e+00
2.8422033238735005e+00 0.0000000000000000e+00
2.8522033238735007e+00 0.0000000000000000e+00
2.8622033238735005e+00 0.0000000000000000e+00
2.8722033238735007e+00 0.0000000000000000e+00
2.8822033238735005e+00 0.0000000000000000e+00
2.8922033238735008e+00 0.0000000000000000e+00
2.9022033238735006e+00 0.0000000000000000e+00
2.9122033238735003e+00 0.0000000000000000e+00
2.9222033238735006e+00 0.0000000000000000e+00
2.9322033238735004e+00 0.0000000000000000e+00
2.9422033238735006e+00 0.0000000000000000e+00
2.9522033238735004e+00 0.0000000000000000e+00
2.9622033238735006e+00 0.0000000000000000e+00
2.9722033238735004e+00 0.0000000000000000e+00
2.9822033238735006e+00 0.0000000000000000e+00
2.9922033238735004e+00 0.0000000000000000e+00
3.0022033238735006e+00 0.0000000000000000e+00
3.0122033238735004e+00 0.0000000000000000e+00
3.0222033238735007e+00 0.0000000000000000e+00
3.0322033238735004e+00 0.0000000000000000e+00
3.0422033238735007e+00 0.0000000000000000e+00
3.0522033238735005e+00 0.0000000000000000e+00
3.0622033238735007e+00 0.0000000000000000e+00
3.0722033238735005e+00 0.0000000000000000e+00
3.0822033238735007e+00 0.0000000000000000e+00
3.0922033238735005e+00 0.0000000000000000e+00
3.1022033238735007e+00 0.0000000000000000e+00
3.1122033238735005e+00 0.0000000000000000e+00
3.1222033238735007e+00 0.0000000000000000e+00
3.1322033238735005e+00 0.0000000000000000e+00
3.1422033238735008e+00 0.0000000000000000e+00
3.1522033238735006e+00 0.0000000000000000e+00
3.1622033238735008e+00 0.0000000000000000e+00
3.1722033238735006e+00 0.0000000000000000e+00
3.1822033238735008e+00 0.0000000000000000e+00
3.1922033238735006e+00 0.0000000000000000e+00
3.2022033238735008e+00 0.0000000000000000e+00
3.2122033238735006e+00 0.0000000000000000e+00
3.2222033238735004e+00 0.0000000000000000e+00
3.2322033238735006e+00 0.0000000000000000e+00
3.2422033238735004e+00 0.0000000000000000e+00
3.2522033238735006e+00 0.0000000000000000e+00
3.2622033238735004e+00 0.0000000000000000e+00
3.2722033238735007e+00 0.0000000000000000e+00
3.2822033238735004e+00 0.0000000000000000e+00
3.2922033238735007e+00 0.0000000000000000e+00
3.3022033238735005e+00 0.0000000000000000e+00
3.3122033238735007e+00 0.0000000000000000e+00
3.3222033238735005e+00 0.0000000000000000e+00
3.3322033238735007e+00 0.0000000000000000e+00
3.3422033238735005e+00 0.0000000000000000e+00
3.3522033238735007e+00 0.0000000000000000e+00
3.3622033238735005e+00 0.0000000000000000e+00
3.3722033238735007e+00 0.0000000000000000e+00
3.3822033238735005e+00 0.0000000000000000e+00
3.3922033238735008e+00 0.0000000000000000e+00
3.4022033238735006e+00 0.0000000000000000e+00
3.4122033238735008e+00 0.0000000000000000e+00
3.4222033238735006e+00 0.0000000000000000e+00
3.4322033238735008e+00 0.0000000000000000e+00
3.4422033238735006e+00 0.0000000000000000e+00
3.4522033238735008e+00 0.0000000000000000e+00
3.4622033238735006e+00 0.0000000000000000e+00
3.4722033238735008e+00 0.0000000000000000e+00
3.4822033238735006e+00 0.0000000000000000e+00
3.4922033238735009e+00 0.0000000000000000e+00
3.5022033238735006e+00 0.0000000000000000e+00
3.5122033238735009e+00 0.0000000000000000e+00
3.5222033238735007e+00 0.0000000000000000e+00
3.5322033238735004e+00 0.0000000000000000e+00
3.5422033238735007e+00 0.0000000000000000e+00
3.5522033238735005e+00 0.0000000000000000e+00
3.5622033238735007e+00 0.0000000000000000e+00
3.5722033238735005e+00 0.0000000000000000e+00
3.5822033238735007e+00 0.0000000000000000e+00
3.5922033238735005e+00 0.0000000000000000e+00
3.6022033238735007e+00 0.0000000000000000e+00
3.6122033238735005e+00 0.0000000000000000e+00
3.6222033238735007e+00 0.0000000000000000e+00
3.6322033238735005e+00 0.0000000000000000e+00
3.6422033238735008e+00 0.0000000000000000e+00
3.6522033238735006e+00 0.0000000000000000e+00
3.6622033238735008e+00 0.0000000000000000e+00
3.6722033238735006e+00 0.0000000000000000e+00
3.6822033238735008e+00 0.0000000000000000e+00
3.6922033238735006e+00 0.0000000000000000e+00
3.7022033238735008e+00 0.0000000000000000e+00
3.7122033238735006e+00 0.0000000000000000e+00
3.7222033238735008e+00 0.0000000000000000e+00
3.7322033238735006e+00 0.0000000000000000e+00
3.7422033238735009e+00 0.0000000000000000e+00
3.7522033238735006e+00 0.0000000000000000e+00
3.7622033238735009e+00 0.0000000000000000e+00
3.7722033238735007e+00 0.0000000000000000e+00
3.7822033238735009e+00 0.0000000000000000e+00
3.7922033238735007e+00 0.0000000000000000e+00
3.8022033238735009e+00 0.0000000000000000e+00
3.8122033238735007e+00 0.0000000000000000e+00
3.8222033238735009e+00 0.0000000000000000e+00
3.8322033238735007e+00 0.0000000000000000e+00
3.8422033238735009e+00 0.0000000000000000e+00
3.8522033238735007e+00 0.0000000000000000e+00
3.8622033238735005e+00 0.0000000000000000e+00
3.8722033238735007e+00 0.0000000000000000e+00
3.8822033238735005e+00 0.0000000000000000e+00
3.8922033238735008e+00 0.0000000000000000e+00
3.9022033238735006e+00 0.0000000000000000e+00
3.9122033238735008e+00 0.0000000000000000e+00
3.9222033238735006e+00 0.0000000000000000e+00
3.9322033238735008e+00 0.0000000000000000e+00
3.9422033238735006e+00 0.0000000000000000e+00
3.9522033238735008e+00 0.0000000000000000e+00
3.9622033238735006e+00 0.0000000000000000e+00
3.9722033238735008e+00 0.0000000000000000e+00
3.9822033238735006e+00 0.0000000000000000e+00
3.9922033238735009e+00 0.0000000000000000e+00
4.0022033238735011e+00 0.0000000000000000e+00
4.0122033238735009e+00 0.0000000000000000e+00
4.0222033238735007e+00 0.0000000000000000e+00
4.0322033238735004e+00 0.0000000000000000e+00
4.0422033238735011e+00 0.0000000000000000e+00
4.0522033238735009e+00 0.0000000000000000e+00
4.0622033238735007e+00 0.0000000000000000e+00
4.0722033238735005e+00 0.0000000000000000e+00
4.0822033238735012e+00 0.0000000000000000e+00
4.0922033238735009e+00 0.0000000000000000e+00
4.1022033238735007e+00 0.0000000000000000e+00
4.1122033238735005e+00 0.0000000000000000e+00
4.1222033238735012e+00 0.0000000000000000e+00
4.1322033238735010e+00 0.0000000000000000e+00
4.1422033238735008e+00 0.0000000000000000e+00
4.1522033238735006e+00 0.0000000000000000e+00
4.1622033238735012e+00 0.0000000000000000e+00
4.1722033238735010e+00 0.0000000000000000e+00
4.1822033238735008e+00 0.0000000000000000e+00
4.1922033238735006e+00 0.0000000000000000e+00
4.2022033238735004e+00 0.0000000000000000e+00
4.2122033238735010e+00 0.0000000000000000e+00
4.2222033238735008e+00 0.0000000000000000e+00
4.2322033238735006e+00 0.0000000000000000e+00
4.2422033238735004e+00 0.0000000000000000e+00
4.2522033238735011e+00 0.0000000000000000e+00
4.2622033238735009e+00 0.0000000000000000e+00
4.2722033238735007e+00 0.0000000000000000e+00
4.2822033238735004e+00 0.0000000000000000e+00
4.2922033238735011e+00 0.0000000000000000e+00
4.3022033238735009e+00 0.0000000000000000e+00
4.3122033238735007e+00 0.0000000000000000e+00
4.3222033238735005e+00 0.0000000000000000e+00
4.3322033238735012e+00 0.0000000000000000e+00
4.3422033238735009e+00 0.0000000000000000e+00
4.3522033238735007e+00 0.0000000000000000e+00
4.3622033238735005e+00 0.0000000000000000e+00
4.3722033238735012e+00 0.0000000000000000e+00
4.3822033238735010e+00 0.0000000000000000e+00
4.3922033238735008e+00 0.0000000000000000e+00
4.4022033238735006e+00 0.0000000000000000e+00
4.4122033238735012e+00 0.0000000000000000e+00
4.4222033238735010e+00 0.0000000000000000e+00
4.4322033238735008e+00 0.0000000000000000e+00
4.4422033238735006e+00 0.0000000000000000e+00
4.4522033238735013e+00 0.0000000000000000e+00
4.4622033238735010e+00 0.0000000000000000e+00
4.4722033238735008e+00 0.0000000000000000e+00
4.4822033238735006e+00 0.0000000000000000e+00
4.4922033238735004e+00 0.0000000000000000e+00
4.5022033238735011e+00 0.0000000000000000e+00
4.5122033238735009e+00 0.0000000000000000e+00
4.5222033238735007e+00 0.0000000000000000e+00
4.5322033238735004e+00 0.0000000000000000e+00
4.5422033238735011e+00 0.0000000000000000e+00
4.5522033238735009e+00 0.0000000000000000e+00
4.5622033238735007e+00 0.0000000000000000e+00
4.5722033238735005e+00 0.0000000000000000e+00
4.5822033238735012e+00 0.0000000000000000e+00
4.5922033238735009e+00 0.0000000000000000e+00
4.6022033238735007e+00 0.0000000000000000e+00
4.6122033238735005e+00 0.0000000000000000e+00
4.6222033238735012e+00 0.0000000000000000e+00
4.6322033238735010e+00 0.0000000000000000e+00
4.6422033238735008e+00 0.0000000000000000e+00
4.6522033238735006e+00 0.0000000000000000e+00
4.6622033238735012e+00 0.0000000000000000e+00
4.6722033238735010e+00 0.0000000000000000e+00
4.6822033238735008e+00 0.0000000000000000e+00
4.6922033238735006e+00 0.0000000000000000e+00
4.7022033238735013e+00 0.0000000000000000e+00
4.7122033238735010e+00 0.0000000000000000e+00
4.7222033238735008e+00 0.0000000000000000e+00
4.7322033238735006e+00 0.0000000000000000e+00
4.7422033238735013e+00 0.0000000000000000e+00
4.7522033238735011e+00 0.0000000000000000e+00
4.7622033238735009e+00 0.0000000000000000e+00
4.7722033238735007e+00 0.0000000000000000e+00
4.7822033238735013e+00 0.0000000000000000e+00
4.7922033238735011e+00 0.0000000000000000e+00
4.8022033238735009e+00 0.0000000000000000e+00
4.8122033238735007e+00 0.0000000000000000e+00
4.8222033238735005e+00 0.0000000000000000e+00
4.8322033238735012e+00 0.0000000000000000e+00
4.8422033238735009e+00 0.0000000000000000e+00
4.8522033238735007e+00 0.0000000000000000e+00
4.8622033238735005e+00 0.0000000000000000e+00
4.8722033238735012e+00 0.0000000000000000e+00
4.8822033238735010e+00 0.0000000000000000e+00
4.8922033238735008e+00 0.0000000000000000e+00
4.9022033238735006e+00 0.0000000000000000e+00
4.9122033238735012e+00 0.0000000000000000e+00
4.9222033238735010e+00 0.0000000000000000e+00
4.9322033238735008e+00 0.0000000000000000e+00
4.9422033238735006e+00 0.0000000000000000e+00
4.9522033238735013e+00 0.0000000000000000e+00
4.9622033238735010e+00 0.0000000000000000e+00
4.9722033238735008e+00 0.0000000000000000e+00
4.9822033238735006e+00 0.0000000000000000e+00
4.9922033238735013e+00 0.0000000000000000e+00
5.0022033238735011e+00 0.0000000000000000e+00
5.0122033238735009e+00 0.0000000000000000e+00
5.0222033238735007e+00 0.0000000000000000e+00
5.0322033238735013e+00 0.0000000000000000e+00
5.0422033238735011e+00 0.0000000000000000e+00
5.0522033238735009e+00 0.0000000000000000e+00
5.0622033238735007e+00 0.0000000000000000e+00
5.0722033238735014e+00 0.0000000000000000e+00
5.0822033238735012e+00 0.0000000000000000e+00
5.0922033238735009e+00 0.0000000000000000e+00
5.1022033238735007e+00 0.0000000000000000e+00
5.1122033238735014e+00 0.0000000000000000e+00
5.1222033238735012e+00 0.0000000000000000e+00
5.1322033238735010e+00 0.0000000000000000e+00
5.1422033238735008e+00 0.0000000000000000e+00
5.1522033238735006e+00 0.0000000000000000e+00
5.1622033238735012e+00 0.0000000000000000e+00
5.1722033238735010e+00 0.0000000000000000e+00
5.1822033238735008e+00 0.0000000000000000e+00
5.1922033238735006e+00 0.0000000000000000e+00
5.2022033238735013e+00 0.0000000000000000e+00
5.2122033238735010e+00 0.0000000000000000e+00
5.2222033238735008e+00 0.0000000000000000e+00
5.2322033238735006e+00 0.0000000000000000e+00
5.2422033238735013e+00 0.0000000000000000e+00
5.2522033238735011e+00 0.0000000000000000e+00
5.2622033238735009e+00 0.0000000000000000e+00
5.2722033238735007e+00 0.0000000000000000e+00
5.2822033238735013e+00 0.0000000000000000e+00
5.2922033238735011e+00 0.0000000000000000e+00
5.3022033238735009e+00 0.0000000000000000e+00
5.3122033238735007e+00 0.0000000000000000e+00
5.3222033238735014e+00 0.0000000000000000e+00
5.3322033238735012e+00 0.0000000000000000e+00
5.3422033238735009e+00 0.0000000000000000e+00
5.3522033238735007e+00 0.0000000000000000e+00
5.3622033238735014e+00 0.0000000000000000e+00
5.3722033238735012e+00 0.0000000000000000e+00
5.3822033238735010e+00 0.0000000000000000e+00
5.3922033238735008e+00 0.0000000000000000e+00
5.4022033238735014e+00 0.0000000000000000e+00
5.4122033238735012e+00 0.0000000000000000e+00
5.4222033238735010e+00 0.0000000000000000e+00
5.4322033238735008e+00 0.0000000000000000e+00
5.4422033238735015e+00 0.0000000000000000e+00
5.4522033238735013e+00 0.0000000000000000e+00
5.4622033238735010e+00 0.0000000000000000e+00
5.4722033238735008e+00 0.0000000000000000e+00
5.4822033238735006e+00 0.0000000000000000e+00
5.4922033238735013e+00 0.0000000000000000e+00
5.5022033238735011e+00 0.0000000000000000e+00
5.5122033238735009e+00 0.0000000000000000e+00
5.5222033238735007e+00 0.0000000000000000e+00
5.5322033238735013e+00 0.0000000000000000e+00
5.5422033238735011e+00 0.0000000000000000e+00
5.5522033238735009e+00 0.0000000000000000e+00
5.5622033238735007e+00 0.0000000000000000e+00
5.5722033238735014e+00 0.0000000000000000e+00
5.5822033238735012e+00 0.0000000000000000e+00
5.5922033238735009e+00 0.0000000000000000e+00
5.6022033238735007e+00 0.0000000000000000e+00
5.6122033238735014e+00 0.0000000000000000e+00
5.6222033238735012e+00 0.0000000000000000e+00
5.6322033238735010e+00 0.0000000000000000e+00
5.6422033238735008e+00 0.0000000000000000e+00
5.6522033238735014e+00 0.0000000000000000e+00
5.6622033238735012e+00 0.0000000000000000e+00
5.6722033238735010e+00 0.0000000000000000e+00
5.6822033238735008e+00 0.0000000000000000e+00
5.6922033238735015e+00 0.0000000000000000e+00
5.7022033238735013e+00 0.0000000000000000e+00
5.7122033238735010e+00 0.0000000000000000e+00
5.7222033238735008e+00 0.0000000000000000e+00
5.7322033238735015e+00 0.0000000000000000e+00
5.7422033238735013e+00 0.0000000000000000e+00
5.7522033238735011e+00 0.0000000000000000e+00
5.7622033238735009e+00 0.0000000000000000e+00
5.7722033238735015e+00 0.0000000000000000e+00
5.7822033238735013e+00 0.0000000000000000e+00
5.7922033238735011e+00 0.0000000000000000e+00
5.8022033238735009e+00 0.0000000000000000e+00
5.8122033238735007e+00 0.0000000000000000e+00
5.8222033238735014e+00 0.0000000000000000e+00
5.8322033238735012e+00 0.0000000000000000e+00
5.8422033238735009e+00 0.0000000000000000e+00
5.8522033238735007e+00 0.0000000000000000e+00
5.8622033238735014e+00 0.0000000000000000e+00
5.8722033238735012e+00 0.0000000000000000e+00
5.8822033238735010e+00 0.0000000000000000e+00
5.8922033238735008e+00 0.0000000000000000e+00
5.9022033238735014e+00 0.0000000000000000e+00
5.9122033238735012e+00 0.0000000000000000e+00
5.9222033238735010e+00 0.0000000000000000e+00
5.9322033238735008e+00 0.0000000000000000e+00
5.9422033238735015e+00 0.0000000000000000e+00
5.9522033238735013e+00 0.0000000000000000e+00
5.9622033238735010e+00 0.0000000000000000e+00
5.9722033238735008e+00 0.0000000000000000e+00
5.9822033238735015e+00 0.0000000000000000e+00
5.9922033238735013e+00 0.0000000000000000e+00
6.0022033238735011e+00 0.0000000000000000e+00
6.0122033238735009e+00 0.0000000000000000e+00
6.0222033238735015e+00 0.0000000000000000e+00
6.0322033238735013e+00 0.0000000000000000e+00
6.0422033238735011e+00 0.0000000000000000e+00
6.0522033238735009e+00 0.0000000000000000e+00
6.0622033238735016e+00 0.0000000000000000e+00
6.0722033238735014e+00 0.0000000000000000e+00
6.0822033238735012e+00 0.0000000000000000e+00
6.0922033238735009e+00 0.0000000000000000e+00
6.1022033238735007e+00 0.0000000000000000e+00
6.1122033238735014e+00 0.0000000000000000e+00
6.1222033238735012e+00 0.0000000000000000e+00
6.1322033238735010e+00 0.0000000000000000e+00
6.1422033238735008e+00 0.0000000000000000e+00
6.1522033238735014e+00 0.0000000000000000e+00
6.1622033238735012e+00 0.0000000000000000e+00
6.1722033238735010e+00 0.0000000000000000e+00
6.1822033238735008e+00 0.0000000000000000e+00
6.1922033238735015e+00 0.0000000000000000e+00
6.2022033238735013e+00 0.0000000000000000e+00
6.2122033238735010e+00 0.0000000000000000e+00
6.2222033238735008e+00 0.0000000000000000e+00
6.2322033238735015e+00 0.0000000000000000e+00
6.2422033238735013e+00 0.0000000000000000e+00
6.2522033238735011e+00 0.0000000000000000e+00
6.2622033238735009e+00 0.0000000000000000e+00
6.2722033238735015e+00 0.0000000000000000e+00
6.2822033238735013e+00 0.0000000000000000e+00
6.2922033238735011e+00 0.0000000000000000e+00
6.3022033238735009e+00 0.0000000000000000e+00
6.3122033238735016e+00 0.0000000000000000e+00
6.3222033238735014e+00 0.0000000000000000e+00
6.3322033238735012e+00 0.0000000000000000e+00
6.3422033238735009e+00 0.0000000000000000e+00
6.3522033238735016e+00 0.0000000000000000e+00
6.3622033238735014e+00 0.0000000000000000e+00
6.3722033238735012e+00 0.0000000000000000e+00
6.3822033238735010e+00 0.0000000000000000e+00
6.3922033238735017e+00 0.0000000000000000e+00
6.4022033238735014e+00 0.0000000000000000e+00
6.4122033238735012e+00 0.0000000000000000e+00
6.4222033238735010e+00 0.0000000000000000e+00
6.4322033238735008e+00 0.0000000000000000e+00
6.4422033238735015e+00 0.0000000000000000e+00
6.4522033238735013e+00 0.0000000000000000e+00
6.4622033238735010e+00 0.0000000000000000e+00
6.4722033238735008e+00 0.0000000000000000e+00
6.4822033238735015e+00 0.0000000000000000e+00
6.4922033238735013e+00 0.0000000000000000e+00
6.5022033238735011e+00 0.0000000000000000e+00
6.5122033238735009e+00 0.0000000000000000e+00
6.5222033238735015e+00 0.0000000000000000e+00
6.5322033238735013e+00 0.0000000000000000e+00
6.5422033238735011e+00 0.0000000000000000e+00
6.5522033238735009e+00 0.0000000000000000e+00
6.5622033238735016e+00 0.0000000000000000e+00
6.5722033238735014e+00 0.0000000000000000e+00
6.5822033238735012e+00 0.0000000000000000e+00
6.5922033238735009e+00 0.0000000000000000e+00
6.6022033238735016e+00 0.0000000000000000e+00
6.6122033238735014e+00 0.0000000000000000e+00
6.6222033238735012e+00 0.0000000000000000e+00
6.6322033238735010e+00 0.0000000000000000e+00
6.6422033238735017e+00 0.0000000000000000e+00
6.6522033238735014e+00 0.0000000000000000e+00
6.6622033238735012e+00 0.0000000000000000e+00
6.6722033238735010e+00 0.0000000000000000e+00
6.6822033238735017e+00 0.0000000000000000e+00
6.6922033238735015e+00 0.0000000000000000e+00
6.7022033238735013e+00 0.0000000000000000e+00
6.7122033238735010e+00 0.0000000000000000e+00
6.7222033238735017e+00 0.0000000000000000e+00
6.7322033238735015e+00 0.0000000000000000e+00
6.7422033238735013e+00 0.0000000000000000e+00
6.7522033238735011e+00 0.0000000000000000e+00
6.7622033238735009e+00 0.0000000000000000e+00
6.7722033238735015e+00 0.0000000000000000e+00
6.7822033238735013e+00 0.0000000000000000e+00
6.7922033238735011e+00 0.0000000000000000e+00
6.8022033238735009e+00 0.0000000000000000e+00
6.8122033238735016e+00 0.0000000000000000e+00
6.8222033238735014e+00 0.0000000000000000e+00
6.8322033238735012e+00 0.0000000000000000e+00
6.8422033238735009e+00 0.0000000000000000e+00
6.8522033238735016e+00 0.0000000000000000e+00
6.8622033238735014e+00 0.0000000000000000e+00
6.8722033238735012e+00 0.0000000000000000e+00
6.8822033238735010e+00 0.0000000000000000e+00
6.8922033238735017e+00 0.0000000000000000e+00
6.9022033238735014e+00 0.0000000000000000e+00
6.9122033238735012e+00 0.0000000000000000e+00
6.9222033238735010e+00 0.0000000000000000e+00
6.9322033238735017e+00 0.0000000000000000e+00
6.9422033238735015e+00 0.0000000000000000e+00
6.9522033238735013e+00 0.0000000000000000e+00
6.9622033238735010e+00 0.0000000000000000e+00
6.9722033238735017e+00 0.0000000000000000e+00
6.9822033238735015e+00 0.0000000000000000e+00
6.9922033238735013e+00 0.0000000000000000e+00
7.0022033238735011e+00 0.0000000000000000e+00
7.0122033238735018e+00 0.0000000000000000e+00
7.0222033238735015e+00 0.0000000000000000e+00
7.0322033238735013e+00 0.0000000000000000e+00
7.0422033238735011e+00 0.0000000000000000e+00
7.0522033238735009e+00 0.0000000000000000e+00
7.0622033238735016e+00 0.0000000000000000e+00
7.0722033238735014e+00 0.0000000000000000e+00
7.0822033238735012e+00 0.0000000000000000e+00
7.0922033238735009e+00 0.0000000000000000e+00
7.1022033238735016e+00 0.0000000000000000e+00
7.1122033238735014e+00 0.0000000000000000e+00
7.1222033238735012e+00 0.0000000000000000e+00
7.1322033238735010e+00 0.0000000000000000e+00
7.1422033238735017e+00 0.0000000000000000e+00
7.1522033238735014e+00 0.0000000000000000e+00
7.1622033238735012e+00 0.0000000000000000e+00
7.1722033238735010e+00 0.0000000000000000e+00
7.1822033238735017e+00 0.0000000000000000e+00
7.1922033238735015e+00 0.0000000000000000e+00
7.2022033238735013e+00 0.0000000000000000e+00
7.2122033238735010e+00 0.0000000000000000e+00
7.2222033238735017e+00 0.0000000000000000e+00
7.2322033238735015e+00 0.0000000000000000e+00
7.2422033238735013e+00 0.0000000000000000e+00
7.2522033238735011e+00 0.0000000000000000e+00
7.2622033238735018e+00 0.0000000000000000e+00
7.2722033238735015e+00 0.0000000000000000e+00
7.2822033238735013e+00 0.0000000000000000e+00
7.2922033238735011e+00 0.0000000000000000e+00
7.3022033238735018e+00 0.0000000000000000e+00
7.3122033238735016e+00 0.0000000000000000e+00
7.3222033238735014e+00 0.0000000000000000e+00
7.3322033238735012e+00 0.0000000000000000e+00
7.3422033238735018e+00 0.0000000000000000e+00
7.3522033238735016e+00 0.0000000000000000e+00
7.3622033238735014e+00 0.0000000000000000e+00
7.3722033238735012e+00 0.0000000000000000e+00
7.3822033238735010e+00 0.0000000000000000e+00
7.3922033238735017e+00 0.0000000000000000e+00
7.4022033238735014e+00 0.0000000000000000e+00
7.4122033238735012e+00 0.0000000000000000e+00
7.4222033238735010e+00 0.0000000000000000e+00
7.4322033238735017e+00 0.0000000000000000e+00
7.4422033238735015e+00 0.0000000000000000e+00
7.4522033238735013e+00 0.0000000000000000e+00
7.4622033238735010e+00 0.0000000000000000e+00
7.4722033238735017e+00 0.0000000000000000e+00
7.4822033238735015e+00 0.0000000000000000e+00
7.4922033238735013e+00 0.0000000000000000e+00
7.5022033238735011e+00 0.0000000000000000e+00
7.5122033238735018e+00 0.0000000000000000e+00
7.5222033238735015e+00 0.0000000000000000e+00
7.5322033238735013e+00 0.0000000000000000e+00
7.5422033238735011e+00 0.0000000000000000e+00
7.5522033238735018e+00 0.0000000000000000e+00
7.5622033238735016e+00 0.0000000000000000e+00
7.5722033238735014e+00 0.0000000000000000e+00
7.5822033238735012e+00 0.0000000000000000e+00
7.5922033238735018e+00 0.0000000000000000e+00
7.6022033238735016e+00 0.0000000000000000e+00
7.6122033238735014e+00 0.0000000000000000e+00
7.6222033238735012e+00 0.0000000000000000e+00
7.6322033238735019e+00 0.0000000000000000e+00
7.6422033238735017e+00 0.0000000000000000e+00
7.6522033238735014e+00 0.0000000000000000e+00
7.6622033238735012e+00 0.0000000000000000e+00
7.6722033238735019e+00 0.0000000000000000e+00
7.6822033238735017e+00 0.0000000000000000e+00
7.6922033238735015e+00 0.0000000000000000e+00
7.7022033238735013e+00 0.0000000000000000e+00
7.7122033238735010e+00 0.0000000000000000e+00
7.7222033238735017e+00 0.0000000000000000e+00
7.7322033238735015e+00 0.0000000000000000e+00
7.7422033238735013e+00 0.0000000000000000e+00
7.7522033238735011e+00 0.0000000000000000e+00
7.7622033238735018e+00 0.0000000000000000e+00
7.7722033238735015e+00 0.0000000000000000e+00
7.7822033238735013e+00 0.0000000000000000e+00
7.7922033238735011e+00 0.0000000000000000e+00
7.8022033238735018e+00 0.0000000000000000e+00
7.8122033238735016e+00 0.0000000000000000e+00
7.8222033238735014e+00 0.0000000000000000e+00
7.8322033238735012e+00 0.0000000000000000e+00
7.8422033238735018e+00 0.0000000000000000e+00
7.8522033238735016e+00 0.0000000000000000e+00
7.8622033238735014e+00 0.0000000000000000e+00
7.8722033238735012e+00 0.0000000000000000e+00
7.8822033238735019e+00 0.0000000000000000e+00
7.8922033238735017e+00 0.0000000000000000e+00
7.9022033238735014e+00 0.0000000000000000e+00
7.9122033238735012e+00 0.0000000000000000e+00
7.9222033238735019e+00 0.0000000000000000e+00
7.9322033238735017e+00 0.0000000000000000e+00
7.9422033238735015e+00 0.0000000000000000e+00
7.9522033238735013e+00 0.0000000000000000e+00
7.9622033238735019e+00 0.0000000000000000e+00
7.9722033238735017e+00 0.0000000000000000e+00
7.9822033238735015e+00 0.0000000000000000e+00
7.9922033238735013e+00 0.0000000000000000e+00
8.0022033238735020e+00 0.0000000000000000e+00
8.0122033238735018e+00 0.0000000000000000e+00
8.0222033238735015e+00 0.0000000000000000e+00
8.0322033238735013e+00 0.0000000000000000e+00
8.0422033238735011e+00 0.0000000000000000e+00
8.0522033238735009e+00 0.0000000000000000e+00
8.0622033238735007e+00 0.0000000000000000e+00
8.0722033238735023e+00 0.0000000000000000e+00
8.0822033238735020e+00 0.0000000000000000e+00
8.0922033238735018e+00 0.0000000000000000e+00
8.1022033238735016e+00 0.0000000000000000e+00
8.1122033238735014e+00 0.0000000000000000e+00
8.1222033238735012e+00 0.0000000000000000e+00
8.1322033238735010e+00 0.0000000000000000e+00
8.1422033238735008e+00 0.0000000000000000e+00
8.1522033238735023e+00 0.0000000000000000e+00
8.1622033238735021e+00 0.0000000000000000e+00
8.1722033238735019e+00 0.0000000000000000e+00
8.1822033238735017e+00 0.0000000000000000e+00
8.1922033238735015e+00 0.0000000000000000e+00
8.2022033238735013e+00 0.0000000000000000e+00
8.2122033238735010e+00 0.0000000000000000e+00
8.2222033238735008e+00 0.0000000000000000e+00
8.2322033238735024e+00 0.0000000000000000e+00
8.2422033238735022e+00 0.0000000000000000e+00
8.2522033238735020e+00 0.0000000000000000e+00
8.2622033238735018e+00 0.0000000000000000e+00
8.2722033238735015e+00 0.0000000000000000e+00
8.2822033238735013e+00 0.0000000000000000e+00
8.2922033238735011e+00 0.0000000000000000e+00
8.3022033238735009e+00 0.0000000000000000e+00
8.3122033238735025e+00 0.0000000000000000e+00
8.3222033238735023e+00 0.0000000000000000e+00
8.3322033238735020e+00 0.0000000000000000e+00
8.3422033238735018e+00 0.0000000000000000e+00
8.3522033238735016e+00 0.0000000000000000e+00
8.3622033238735014e+00 0.0000000000000000e+00
8.3722033238735012e+00 0.0000000000000000e+00
8.3822033238735010e+00 0.0000000000000000e+00
8.3922033238735008e+00 0.0000000000000000e+00
8.4022033238735023e+00 0.0000000000000000e+00
8.4122033238735021e+00 0.0000000000000000e+00
8.4222033238735019e+00 0.0000000000000000e+00
8.4322033238735017e+00 0.0000000000000000e+00
8.4422033238735015e+00 0.0000000000000000e+00
8.4522033238735013e+00 0.0000000000000000e+00
8.4622033238735010e+00 0.0000000000000000e+00
8.4722033238735008e+00 0.0000000000000000e+00
8.4822033238735024e+00 0.0000000000000000e+00
8.4922033238735022e+00 0.0000000000000000e+00
8.5022033238735020e+00 0.0000000000000000e+00
8.5122033238735018e+00 0.0000000000000000e+00
8.5222033238735015e+00 0.0000000000000000e+00
8.5322033238735013e+00 0.0000000000000000e+00
8.5422033238735011e+00 0.0000000000000000e+00
8.5522033238735009e+00 0.0000000000000000e+00
8.5622033238735025e+00 0.0000000000000000e+00
8.5722033238735023e+00 0.0000000000000000e+00
8.5822033238735020e+00 0.0000000000000000e+00
8.5922033238735018e+00 0.0000000000000000e+00
8.6022033238735016e+00 0.0000000000000000e+00
8.6122033238735014e+00 0.0000000000000000e+00
8.6222033238735012e+00 0.0000000000000000e+00
8.6322033238735010e+00 0.0000000000000000e+00
8.6422033238735025e+00 0.0000000000000000e+00
8.6522033238735023e+00 0.0000000000000000e+00
8.6622033238735021e+00 0.0000000000000000e+00
8.6722033238735019e+00 0.0000000000000000e+00
8.6822033238735017e+00 0.0000000000000000e+00
8.6922033238735015e+00 0.0000000000000000e+00
8.7022033238735013e+00 0.0000000000000000e+00
8.7122033238735010e+00 0.0000000000000000e+00
8.7222033238735008e+00 0.0000000000000000e+00
8.7322033238735024e+00 0.0000000000000000e+00
8.7422033238735022e+00 0.0000000000000000e+00
8.7522033238735020e+00 0.0000000000000000e+00
8.7622033238735018e+00 0.0000000000000000e+00
8.7722033238735015e+00 0.0000000000000000e+00
8.7822033238735013e+00 0.0000000000000000e+00
8.7922033238735011e+00 0.0000000000000000e+00
8.8022033238735009e+00 0.0000000000000000e+00
8.8122033238735025e+00 0.0000000000000000e+00
8.8222033238735023e+00 0.0000000000000000e+00
8.8322033238735020e+00 0.0000000000000000e+00
8.8422033238735018e+00 0.0000000000000000e+00
8.8522033238735016e+00 0.0000000000000000e+00
8.8622033238735014e+00 0.0000000000000000e+00
8.8722033238735012e+00 0.0000000000000000e+00
8.8822033238735010e+00 0.0000000000000000e+00
8.8922033238735025e+00 0.0000000000000000e+00
8.9022033238735023e+00 0.0000000000000000e+00
8.9122033238735021e+00 0.0000000000000000e+00
8.9222033238735019e+00 0.0000000000000000e+00
8.9322033238735017e+00 0.0000000000000000e+00
8.9422033238735015e+00 0.0000000000000000e+00
8.9522033238735013e+00 0.0000000000000000e+00
8.9622033238735010e+00 0.0000000000000000e+00
8.9722033238735008e+00 0.0000000000000000e+00
8.9822033238735024e+00 0.0000000000000000e+00
8.9922033238735022e+00 0.0000000000000000e+00
9.0022033238735020e+00 0.0000000000000000e+00
9.0122033238735018e+00 0.0000000000000000e+00
9.0222033238735015e+00 0.0000000000000000e+00
9.0322033238735013e+00 0.0000000000000000e+00
9.0422033238735011e+00 0.0000000000000000e+00
9.0522033238735009e+00 0.0000000000000000e+00
9.0622033238735025e+00 0.0000000000000000e+00
9.0722033238735023e+00 0.0000000000000000e+00
9.0822033238735020e+00 0.0000000000000000e+00
9.0922033238735018e+00 0.0000000000000000e+00
9.1022033238735016e+00 0.0000000000000000e+00
9.1122033238735014e+00 0.0000000000000000e+00
9.1222033238735012e+00 0.0000000000000000e+00
9.1322033238735010e+00 0.0000000000000000e+00
9.1422033238735025e+00 0.0000000000000000e+00
9.1522033238735023e+00 0.0000000000000000e+00
9.1622033238735021e+00 0.0000000000000000e+00
9.1722033238735019e+00 0.0000000000000000e+00
9.1822033238735017e+00 0.0000000000000000e+00
9.1922033238735015e+00 0.0000000000000000e+00
9.2022033238735013e+00 0.0000000000000000e+00
9.2122033238735010e+00 0.0000000000000000e+00
9.2222033238735026e+00 0.0000000000000000e+00
9.2322033238735024e+00 0.0000000000000000e+00
9.2422033238735022e+00 0.0000000000000000e+00
9.2522033238735020e+00 0.0000000000000000e+00
9.2622033238735018e+00 0.0000000000000000e+00
9.2722033238735015e+00 0.0000000000000000e+00
9.2822033238735013e+00 0.0000000000000000e+00
9.2922033238735011e+00 0.0000000000000000e+00
9.3022033238735009e+00 0.0000000000000000e+00
9.3122033238735025e+00 0.0000000000000000e+00
9.3222033238735023e+00 0.0000000000000000e+00
9.3322033238735020e+00 0.0000000000000000e+00
9.3422033238735018e+00 0.0000000000000000e+00
9.3522033238735016e+00 0.0000000000000000e+00
9.3622033238735014e+00 0.0000000000000000e+00
9.3722033238735012e+00 0.0000000000000000e+00
9.3822033238735010e+00 0.0000000000000000e+00
9.3922033238735025e+00 0.0000000000000000e+00
9.4022033238735023e+00 0.0000000000000000e+00
9.4122033238735021e+00 0.0000000000000000e+00
9.4222033238735019e+00 0.0000000000000000e+00
9.4322033238735017e+00 0.0000000000000000e+00
9.4422033238735015e+00 0.0000000000000000e+00
9.4522033238735013e+00 0.0000000000000000e+00
9.4622033238735010e+00 0.0000000000000000e+00
9.4722033238735026e+00 0.0000000000000000e+00
9.4822033238735024e+00 0.0000000000000000e+00
9.4922033238735022e+00 0.0000000000000000e+00
9.5022033238735020e+00 0.0000000000000000e+00
9.5122033238735018e+00 0.0000000000000000e+00
9.5222033238735015e+00 0.0000000000000000e+00
9.5322033238735013e+00 0.0000000000000000e+00
9.5422033238735011e+00 0.0000000000000000e+00
9.5522033238735027e+00 0.0000000000000000e+00
9.5622033238735025e+00 0.0000000000000000e+00
9.5722033238735023e+00 0.0000000000000000e+00
9.5822033238735020e+00 0.0000000000000000e+00
9.5922033238735018e+00 0.0000000000000000e+00
9.6022033238735016e+00 0.0000000000000000e+00
9.6122033238735014e+00 0.0000000000000000e+00
9.6222033238735012e+00 0.0000000000000000e+00
9.6322033238735010e+00 0.0000000000000000e+00
9.6422033238735025e+00 0.0000000000000000e+00
9.6522033238735023e+00 0.0000000000000000e+00
9.6622033238735021e+00 0.0000000000000000e+00
9.6722033238735019e+00 0.0000000000000000e+00
9.6822033238735017e+00 0.0000000000000000e+00
9.6922033238735015e+00 0.0000000000000000e+00
9.7022033238735013e+00 0.0000000000000000e+00
9.7122033238735010e+00 0.0000000000000000e+00
9.7222033238735026e+00 0.0000000000000000e+00
9.7322033238735024e+00 0.0000000000000000e+00
9.7422033238735022e+00 0.0000000000000000e+00
9.7522033238735020e+00 0.0000000000000000e+00
9.7622033238735018e+00 0.0000000000000000e+00
9.7722033238735015e+00 0.0000000000000000e+00
9.7822033238735013e+00 0.0000000000000000e+00
9.7922033238735011e+00 0.0000000000000000e+00
9.8022033238735027e+00 0.0000000000000000e+00
9.8122033238735025e+00 0.0000000000000000e+00
9.8222033238735023e+00 0.0000000000000000e+00
9.8322033238735020e+00 0.0000000000000000e+00
9.8422033238735018e+00 0.0000000000000000e+00
9.8522033238735016e+00 0.0000000000000000e+00
9.8622033238735014e+00 0.0000000000000000e+00
9.8722033238735012e+00 0.0000000000000000e+00
9.8822033238735028e+00 0.0000000000000000e+00
9.8922033238735025e+00 0.0000000000000000e+00
9.9022033238735023e+00 0.0000000000000000e+00
9.9122033238735021e+00 0.0000000000000000e+00
9.9222033238735019e+00 0.0000000000000000e+00
9.9322033238735017e+00 0.0000000000000000e+00
9.9422033238735015e+00 0.0000000000000000e+00
9.9522033238735013e+00 0.0000000000000000e+00
9.9622033238735010e+00 0.0000000000000000e+00
9.9722033238735026e+00 0.0000000000000000e+00
9.9822033238735024e+00 0.0000000000000000e+00
9.9922033238735022e+00 0.0000000000000000e+00
1.0002203323873502e+01 0.0000000000000000e+00
1.0012203323873502e+01 0.0000000000000000e+00
1.0022203323873502e+01 0.0000000000000000e+00
1.0032203323873501e+01 0.0000000000000000e+00
1.0042203323873501e+01 0.0000000000000000e+00
1.0052203323873503e+01 0.0000000000000000e+00
1.0062203323873502e+01 0.0000000000000000e+00
1.0072203323873502e+01 0.0000000000000000e+00
1.0082203323873502e+01 0.0000000000000000e+00
1.0092203323873502e+01 0.0000000000000000e+00
1.0102203323873502e+01 0.0000000000000000e+00
1.0112203323873501e+01 0.0000000000000000e+00
1.0122203323873501e+01 0.0000000000000000e+00
1.0132203323873503e+01 0.0000000000000000e+00
1.0142203323873503e+01 0.0000000000000000e+00
1.0152203323873502e+01 0.0000000000000000e+00
1.0162203323873502e+01 0.0000000000000000e+00
1.0172203323873502e+01 0.0000000000000000e+00
1.0182203323873502e+01 0.0000000000000000e+00
1.0192203323873501e+01 0.0000000000000000e+00
1.0202203323873501e+01 0.0000000000000000e+00
1.0212203323873503e+01 0.0000000000000000e+00
1.0222203323873503e+01 0.0000000000000000e+00
1.0232203323873502e+01 0.0000000000000000e+00
1.0242203323873502e+01 0.0000000000000000e+00
1.0252203323873502e+01 0.0000000000000000e+00
1.0262203323873502e+01 0.0000000000000000e+00
1.0272203323873502e+01 0.0000000000000000e+00
1.0282203323873501e+01 0.0000000000000000e+00
1.0292203323873501e+01 0.0000000000000000e+00
1.0302203323873503e+01 0.0000000000000000e+00
1.0312203323873502e+01 0.0000000000000000e+00
1.0322203323873502e+01 0.0000000000000000e+00
1.0332203323873502e+01 0.0000000000000000e+00
1.0342203323873502e+01 0.0000000000000000e+00
1.0352203323873502e+01 0.0000000000000000e+00
1.0362203323873501e+01 0.0000000000000000e+00
1.0372203323873501e+01 0.0000000000000000e+00
1.0382203323873503e+01 0.0000000000000000e+00
1.0392203323873503e+01 0.0000000000000000e+00
1.0402203323873502e+01 0.0000000000000000e+00
1.0412203323873502e+01 0.0000000000000000e+00
1.0422203323873502e+01 0.0000000000000000e+00
1.0432203323873502e+01 0.0000000000000000e+00
1.0442203323873501e+01 0.0000000000000000e+00
1.0452203323873501e+01 0.0000000000000000e+00
1.0462203323873503e+01 0.0000000000000000e+00
1.0472203323873503e+01 0.0000000000000000e+00
1.0482203323873502e+01 0.0000000000000000e+00
1.0492203323873502e+01 0.0000000000000000e+00
1.0502203323873502e+01 0.0000000000000000e+00
1.0512203323873502e+01 0.0000000000000000e+00
1.0522203323873502e+01 0.0000000000000000e+00
1.0532203323873501e+01 0.0000000000000000e+00
1.0542203323873503e+01 0.0000000000000000e+00
1.0552203323873503e+01 0.0000000000000000e+00
1.0562203323873502e+01 0.0000000000000000e+00
1.0572203323873502e+01 0.0000000000000000e+00
1.0582203323873502e+01 0.0000000000000000e+00
1.0592203323873502e+01 0.0000000000000000e+00
1.0602203323873502e+01 0.0000000000000000e+00
1.0612203323873501e+01 0.0000000000000000e+00
1.0622203323873501e+01 0.0000000000000000e+00
1.0632203323873503e+01 0.0000000000000000e+00
1.0642203323873503e+01 0.0000000000000000e+00
1.0652203323873502e+01 0.0000000000000000e+00
1.0662203323873502e+01 0.0000000000000000e+00
1.0672203323873502e+01 0.0000000000000000e+00
1.0682203323873502e+01 0.0000000000000000e+00
1.0692203323873501e+01 0.0000000000000000e+00
1.0702203323873501e+01 0.0000000000000000e+00
1.0712203323873503e+01 0.0000000000000000e+00
1.0722203323873503e+01 0.0000000000000000e+00
1.0732203323873502e+01 0.0000000000000000e+00
1.0742203323873502e+01 0.0000000000000000e+00
1.0752203323873502e+01 0.0000000000000000e+00
1.0762203323873502e+01 0.0000000000000000e+00
1.0772203323873502e+01 0.0000000000000000e+00
1.0782203323873501e+01 0.0000000000000000e+00
1.0792203323873503e+01 0.0000000000000000e+00
1.0802203323873503e+01 0.0000000000000000e+00
1.0812203323873502e+01 0.0000000000000000e+00
1.0822203323873502e+01 0.0000000000000000e+00
1.0832203323873502e+01 0.0000000000000000e+00
1.0842203323873502e+01 0.0000000000000000e+00
1.0852203323873502e+01 0.0000000000000000e+00
1.0862203323873501e+01 0.0000000000000000e+00
1.0872203323873503e+01 0.0000000000000000e+00
1.0882203323873503e+01 0.0000000000000000e+00
1.0892203323873503e+01 0.0000000000000000e+00
1.0902203323873502e+01 0.0000000000000000e+00
1.0912203323873502e+01 0.0000000000000000e+00
1.0922203323873502e+01 0.0000000000000000e+00
1.0932203323873502e+01 0.0000000000000000e+00
1.0942203323873501e+01 0.0000000000000000e+00
1.0952203323873501e+01 0.0000000000000000e+00
1.0962203323873503e+01 0.0000000000000000e+00
1.0972203323873503e+01 0.0000000000000000e+00
1.0982203323873502e+01 0.0000000000000000e+00
1.0992203323873502e+01 0.0000000000000000e+00
1.1002203323873502e+01 0.0000000000000000e+00
1.1012203323873502e+01 0.0000000000000000e+00
1.1022203323873502e+01 0.0000000000000000e+00
1.1032203323873501e+01 0.0000000000000000e+00
1.1042203323873503e+01 0.0000000000000000e+00
1.1052203323873503e+01 0.0000000000000000e+00
1.1062203323873502e+01 0.0000000000000000e+00
1.1072203323873502e+01 0.0000000000000000e+00
1.1082203323873502e+01 0.0000000000000000e+00
1.1092203323873502e+01 0.0000000000000000e+00
1.1102203323873502e+01 0.0000000000000000e+00
1.1112203323873501e+01 0.0000000000000000e+00
1.1122203323873503e+01 0.0000000000000000e+00
1.1132203323873503e+01 0.0000000000000000e+00
1.1142203323873503e+01 0.0000000000000000e+00
1.1152203323873502e+01 0.0000000000000000e+00
1.1162203323873502e+01 0.0000000000000000e+00
1.1172203323873502e+01 0.0000000000000000e+00
1.1182203323873502e+01 0.0000000000000000e+00
1.1192203323873501e+01 0.0000000000000000e+00
1.1202203323873503e+01 0.0000000000000000e+00
1.1212203323873503e+01 0.0000000000000000e+00
1.1222203323873503e+01 0.0000000000000000e+00
1.1232203323873502e+01 0.0000000000000000e+00
1.1242203323873502e+01 0.0000000000000000e+00
1.1252203323873502e+01 0.0000000000000000e+00
1.1262203323873502e+01 0.0000000000000000e+00
1.1272203323873502e+01 0.0000000000000000e+00
1.1282203323873501e+01 0.0000000000000000e+00
1.1292203323873503e+01 0.0000000000000000e+00
1.1302203323873503e+01 0.0000000000000000e+00
1.1312203323873502e+01 0.0000000000000000e+00
1.1322203323873502e+01 0.0000000000000000e+00
1.1332203323873502e+01 0.0000000000000000e+00
1.1342203323873502e+01 0.0000000000000000e+00
1.1352203323873502e+01 0.0000000000000000e+00
1.1362203323873501e+01 0.0000000000000000e+00
1.1372203323873503e+01 0.0000000000000000e+00
1.1382203323873503e+01 0.0000000000000000e+00
1.1392203323873503e+01 0.0000000000000000e+00
1.1402203323873502e+01 0.0000000000000000e+00
1.1412203323873502e+01 0.0000000000000000e+00
1.1422203323873502e+01 0.0000000000000000e+00
1.1432203323873502e+01 0.0000000000000000e+00
1.1442203323873501e+01 0.0000000000000000e+00
1.1452203323873503e+01 0.0000000000000000e+00
1.1462203323873503e+01 0.0000000000000000e+00
1.1472203323873503e+01 0.0000000000000000e+00
1.1482203323873502e+01 0.0000000000000000e+00
1.1492203323873502e+01 0.0000000000000000e+00
1.1502203323873502e+01 0.0000000000000000e+00
1.1512203323873502e+01 0.0000000000000000e+00
1.1522203323873502e+01 0.0000000000000000e+00
1.1532203323873503e+01 0.0000000000000000e+00
1.1542203323873503e+01 0.0000000000000000e+00
1.1552203323873503e+01 0.0000000000000000e+00
1.1562203323873502e+01 0.0000000000000000e+00
1.1572203323873502e+01 0.0000000000000000e+00
1.1582203323873502e+01 0.0000000000000000e+00
1.1592203323873502e+01 0.0000000000000000e+00
1.1602203323873502e+01 0.0000000000000000e+00
1.1612203323873501e+01 0.0000000000000000e+00
1.1622203323873503e+01 0.0000000000000000e+00
1.1632203323873503e+01 0.0000000000000000e+00
1.1642203323873503e+01 0.0000000000000000e+00
1.1652203323873502e+01 0.0000000000000000e+00
1.1662203323873502e+01 0.0000000000000000e+00
1.1672203323873502e+01 0.0000000000000000e+00
1.1682203323873502e+01 0.0000000000000000e+00
1.1692203323873501e+01 0.0000000000000000e+00
1.1702203323873503e+01 0.0000000000000000e+00
1.1712203323873503e+01 0.0000000000000000e+00
1.1722203323873503e+01 0.0000000000000000e+00
1.1732203323873502e+01 0.0000000000000000e+00
1.1742203323873502e+01 0.0000000000000000e+00
1.1752203323873502e+01 0.0000000000000000e+00
1.1762203323873502e+01 0.0000000000000000e+00
1.1772203323873502e+01 0.0000000000000000e+00
1.1782203323873503e+01 0.0000000000000000e+00
1.1792203323873503e+01 0.0000000000000000e+00
1.1802203323873503e+01 0.0000000000000000e+00
1.1812203323873502e+01 0.0000000000000000e+00
1.1822203323873502e+01 0.0000000000000000e+00
1.1832203323873502e+01 0.0000000000000000e+00
1.1842203323873502e+01 0.0000000000000000e+00
1.1852203323873502e+01 0.0000000000000000e+00
1.1862203323873501e+01 0.0000000000000000e+00
1.1872203323873503e+01 0.0000000000000000e+00
1.1882203323873503e+01 0.0000000000000000e+00
1.1892203323873503e+01 0.0000000000000000e+00
1.1902203323873502e+01 0.0000000000000000e+00
1.1912203323873502e+01 0.0000000000000000e+00
1.1922203323873502e+01 0.0000000000000000e+00
1.1932203323873502e+01 0.0000000000000000e+00
1.1942203323873501e+01 0.0000000000000000e+00
1.1952203323873503e+01 0.0000000000000000e+00
1.1962203323873503e+01 0.0000000000000000e+00
1.1972203323873503e+01 0.0000000000000000e+00
1.1982203323873502e+01 0.0000000000000000e+00
1.1992203323873502e+01 0.0000000000000000e+00
1.2002203323873502e+01 0.0000000000000000e+00
1.2012203323873502e+01 0.0000000000000000e+00
1.2022203323873502e+01 0.0000000000000000e+00
1.2032203323873503e+01 0.0000000000000000e+00
1.2042203323873503e+01 0.0000000000000000e+00
1.2052203323873503e+01 0.0000000000000000e+00
1.2062203323873502e+01 0.0000000000000000e+00
1.2072203323873502e+01 0.0000000000000000e+00
1.2082203323873502e+01 0.0000000000000000e+00
1.2092203323873502e+01 0.0000000000000000e+00
1.2102203323873502e+01 0.0000000000000000e+00
1.2112203323873503e+01 0.0000000000000000e+00
1.2122203323873503e+01 0.0000000000000000e+00
1.2132203323873503e+01 0.0000000000000000e+00
1.2142203323873503e+01 0.0000000000000000e+00
1.2152203323873502e+01 0.0000000000000000e+00
1.2162203323873502e+01 0.0000000000000000e+00
1.2172203323873502e+01 0.0000000000000000e+00
1.2182203323873502e+01 0.0000000000000000e+00
1.2192203323873501e+01 0.0000000000000000e+00
1.2202203323873503e+01 0.0000000000000000e+00
1.2212203323873503e+01 0.0000000000000000e+00
1.2222203323873503e+01 0.0000000000000000e+00
1.2232203323873502e+01 0.0000000000000000e+00
1.2242203323873502e+01 0.0000000000000000e+00
1.2252203323873502e+01 0.0000000000000000e+00
1.2262203323873502e+01 0.0000000000000000e+00
1.2272203323873502e+01 0.0000000000000000e+00
1.2282203323873503e+01 0.0000000000000000e+00
1.2292203323873503e+01 0.0000000000000000e+00
1.2302203323873503e+01 0.0000000000000000e+00
1.2312203323873502e+01 0.0000000000000000e+00
1.2322203323873502e+01 0.0000000000000000e+00
1.2332203323873502e+01 0.0000000000000000e+00
1.2342203323873502e+01 0.0000000000000000e+00
1.2352203323873502e+01 0.0000000000000000e+00
1.2362203323873503e+01 0.0000000000000000e+00
1.2372203323873503e+01 0.0000000000000000e+00
1.2382203323873503e+01 0.0000000000000000e+00
1.2392203323873503e+01 0.0000000000000000e+00
1.2402203323873502e+01 0.0000000000000000e+00
1.2412203323873502e+01 0.0000000000000000e+00
1.2422203323873502e+01 0.0000000000000000e+00
1.2432203323873502e+01 0.0000000000000000e+00
1.2442203323873503e+01 0.0000000000000000e+00
1.2452203323873503e+01 0.0000000000000000e+00
1.2462203323873503e+01 0.0000000000000000e+00
1.2472203323873503e+01 0.0000000000000000e+00
1.2482203323873502e+01 0.0000000000000000e+00
1.2492203323873502e+01 0.0000000000000000e+00
1.2502203323873502e+01 0.0000000000000000e+00
1.2512203323873502e+01 0.0000000000000000e+00
1.2522203323873502e+01 0.0000000000000000e+00
1.2532203323873503e+01 0.0000000000000000e+00
1.2542203323873503e+01 0.0000000000000000e+00
1.2552203323873503e+01 0.0000000000000000e+00
1.2562203323873502e+01 0.0000000000000000e+00
1.2572203323873502e+01 0.0000000000000000e+00
1.2582203323873502e+01 0.0000000000000000e+00
1.2592203323873502e+01 0.0000000000000000e+00
1.2602203323873502e+01 0.0000000000000000e+00
1.2612203323873503e+01 0.0000000000000000e+00
1.2622203323873503e+01 0.0000000000000000e+00
1.2632203323873503e+01 0.0000000000000000e+00
1.2642203323873503e+01 0.0000000000000000e+00
1.2652203323873502e+01 0.0000000000000000e+00
1.2662203323873502e+01 0.0000000000000000e+00
1.2672203323873502e+01 0.0000000000000000e+00
1.2682203323873502e+01 0.0000000000000000e+00
1.2692203323873503e+01 0.0000000000000000e+00
1.2702203323873503e+01 0.0000000000000000e+00
1.2712203323873503e+01 0.0000000000000000e+00
1.2722203323873503e+01 0.0000000000000000e+00
1.2732203323873502e+01 0.0000000000000000e+00
1.2742203323873502e+01 0.0000000000000000e+00
1.2752203323873502e+01 0.0000000000000000e+00
1.2762203323873502e+01 0.0000000000000000e+00
1.2772203323873503e+01 0.0000000000000000e+00
1.2782203323873503e+01 0.0000000000000000e+00
1.2792203323873503e+01 0.0000000000000000e+00
1.2802203323873503e+01 0.0000000000000000e+00
1.2812203323873502e+01 0.0000000000000000e+00
1.2822203323873502e+01 0.0000000000000000e+00
1.2832203323873502e+01 0.0000000000000000e+00
1.2842203323873502e+01 0.0000000000000000e+00
1.2852203323873502e+01 0.0000000000000000e+00
1.2862203323873503e+01 0.0000000000000000e+00
1.2872203323873503e+01 0.0000000000000000e+00
1.2882203323873503e+01 0.0000000000000000e+00
1.2892203323873503e+01 0.0000000000000000e+00
1.2902203323873502e+01 0.0000000000000000e+00
1.2912203323873502e+01 0.0000000000000000e+00
1.2922203323873502e+01 0.0000000000000000e+00
1.2932203323873502e+01 0.0000000000000000e+00
1.2942203323873503e+01 0.0000000000000000e+00
1.2952203323873503e+01 0.0000000000000000e+00
1.2962203323873503e+01 0.0000000000000000e+00
1.2972203323873503e+01 0.0000000000000000e+00
1.2982203323873502e+01 0.0000000000000000e+00
1.2992203323873502e+01 0.0000000000000000e+00
1.3002203323873502e+01 0.0000000000000000e+00
1.3012203323873502e+01 0.0000000000000000e+00
1.3022203323873503e+01 0.0000000000000000e+00
1.3032203323873503e+01 0.0000000000000000e+00
1.3042203323873503e+01 0.0000000000000000e+00
1.3052203323873503e+01 0.0000000000000000e+00
1.3062203323873502e+01 0.0000000000000000e+00
1.3072203323873502e+01 0.0000000000000000e+00
1.3082203323873502e+01 0.0000000000000000e+00
1.3092203323873502e+01 0.0000000000000000e+00
1.3102203323873503e+01 0.0000000000000000e+00
1.3112203323873503e+01 0.0000000000000000e+00
1.3122203323873503e+01 0.0000000000000000e+00
1.3132203323873503e+01 0.0000000000000000e+00
1.3142203323873503e+01 0.0000000000000000e+00
1.3152203323873502e+01 0.0000000000000000e+00
1.3162203323873502e+01 0.0000000000000000e+00
1.3172203323873502e+01 0.0000000000000000e+00
1.3182203323873502e+01 0.0000000000000000e+00
1.3192203323873503e+01 0.0000000000000000e+00
1.3202203323873503e+01 0.0000000000000000e+00
1.3212203323873503e+01 0.0000000000000000e+00
1.3222203323873503e+01 0.0000000000000000e+00
1.3232203323873502e+01 0.0000000000000000e+00
1.3242203323873502e+01 0.0000000000000000e+00
1.3252203323873502e+01 0.0000000000000000e+00
1.3262203323873502e+01 0.0000000000000000e+00
1.3272203323873503e+01 0.0000000000000000e+00
1.3282203323873503e+01 0.0000000000000000e+00
1.3292203323873503e+01 0.0000000000000000e+00
1.3302203323873503e+01 0.0000000000000000e+00
1.3312203323873502e+01 0.0000000000000000e+00
1.3322203323873502e+01 0.0000000000000000e+00
1.3332203323873502e+01 0.0000000000000000e+00
1.3342203323873502e+01 0.0000000000000000e+00
1.3352203323873503e+01 0.0000000000000000e+00
1.3362203323873503e+01 0.0000000000000000e+00
1.3372203323873503e+01 0.0000000000000000e+00
1.3382203323873503e+01 0.0000000000000000e+00
1.3392203323873503e+01 0.0000000000000000e+00
1.3402203323873502e+01 0.0000000000000000e+00
1.3412203323873502e+01 0.0000000000000000e+00
1.3422203323873502e+01 1.0000000000000000e+01
1.3432203323873503e+01 0.0000000000000000e+00
1.3442203323873503e+01 0.0000000000000000e+00
1.3452203323873503e+01 0.0000000000000000e+00
1.3462203323873503e+01 0.0000000000000000e+00
1.3472203323873503e+01 0.0000000000000000e+00
1.3482203323873502e+01 0.0000000000000000e+00
1.3492203323873502e+01 0.0000000000000000e+00
1.3502203323873502e+01 0.0000000000000000e+00
1.3512203323873502e+01 0.0000000000000000e+00
1.3522203323873503e+01 0.0000000000000000e+00
1.3532203323873503e+01 0.0000000000000000e+00
1.3542203323873503e+01 0.0000000000000000e+00
1.3552203323873503e+01 0.0000000000000000e+00
1.3562203323873502e+01 0.0000000000000000e+00
1.3572203323873502e+01 0.0000000000000000e+00
1.3582203323873502e+01 0.0000000000000000e+00
1.3592203323873502e+01 0.0000000000000000e+00
