# Histogram file, Snapshot 26
# bin centers [Gyr], tLb [Gyr], tForm [Gyr]
5.0000967819819843e-03 0.0000000000000000e+00 0.0000000000000000e+00
1.5000096781981984e-02 0.0000000000000000e+00 0.0000000000000000e+00
2.5000096781981986e-02 0.0000000000000000e+00 0.0000000000000000e+00
3.5000096781981981e-02 0.0000000000000000e+00 0.0000000000000000e+00
4.5000096781981982e-02 0.0000000000000000e+00 0.0000000000000000e+00
5.5000096781981984e-02 0.0000000000000000e+00 0.0000000000000000e+00
6.5000096781981986e-02 0.0000000000000000e+00 0.0000000000000000e+00
7.5000096781981995e-02 0.0000000000000000e+00 0.0000000000000000e+00
8.5000096781981990e-02 0.0000000000000000e+00 0.0000000000000000e+00
9.5000096781981985e-02 0.0000000000000000e+00 0.0000000000000000e+00
1.0500009678198199e-01 0.0000000000000000e+00 0.0000000000000000e+00
1.1500009678198199e-01 0.0000000000000000e+00 0.0000000000000000e+00
1.2500009678198198e-01 0.0000000000000000e+00 0.0000000000000000e+00
1.3500009678198199e-01 0.0000000000000000e+00 0.0000000000000000e+00
1.4500009678198200e-01 0.0000000000000000e+00 0.0000000000000000e+00
1.5500009678198198e-01 0.0000000000000000e+00 0.0000000000000000e+00
1.6500009678198199e-01 0.0000000000000000e+00 0.0000000000000000e+00
1.7500009678198200e-01 0.0000000000000000e+00 0.0000000000000000e+00
1.8500009678198198e-01 0.0000000000000000e+00 0.0000000000000000e+00
1.9500009678198199e-01 0.0000000000000000e+00 0.0000000000000000e+00
2.0500009678198200e-01 0.0000000000000000e+00 0.0000000000000000e+00
2.1500009678198198e-01 0.0000000000000000e+00 0.0000000000000000e+00
2.2500009678198199e-01 0.0000000000000000e+00 0.0000000000000000e+00
2.3500009678198200e-01 0.0000000000000000e+00 0.0000000000000000e+00
2.4500009678198198e-01 0.0000000000000000e+00 0.0000000000000000e+00
2.5500009678198199e-01 0.0000000000000000e+00 0.0000000000000000e+00
2.6500009678198200e-01 0.0000000000000000e+00 0.0000000000000000e+00
2.7500009678198201e-01 0.0000000000000000e+00 0.0000000000000000e+00
2.8500009678198202e-01 0.0000000000000000e+00 0.0000000000000000e+00
2.9500009678198197e-01 0.0000000000000000e+00 0.0000000000000000e+00
3.0500009678198198e-01 0.0000000000000000e+00 0.0000000000000000e+00
3.1500009678198199e-01 0.0000000000000000e+00 0.0000000000000000e+00
3.2500009678198200e-01 0.0000000000000000e+00 0.0000000000000000e+00
3.3500009678198200e-01 0.0000000000000000e+00 0.0000000000000000e+00
3.4500009678198201e-01 0.0000000000000000e+00 0.0000000000000000e+00
3.5500009678198202e-01 0.0000000000000000e+00 0.0000000000000000e+00
3.6500009678198198e-01 0.0000000000000000e+00 0.0000000000000000e+00
3.7500009678198198e-01 0.0000000000000000e+00 0.0000000000000000e+00
3.8500009678198199e-01 0.0000000000000000e+00 0.0000000000000000e+00
3.9500009678198200e-01 0.0000000000000000e+00 0.0000000000000000e+00
4.0500009678198201e-01 0.0000000000000000e+00 0.0000000000000000e+00
4.1500009678198202e-01 0.0000000000000000e+00 0.0000000000000000e+00
4.2500009678198197e-01 0.0000000000000000e+00 0.0000000000000000e+00
4.3500009678198198e-01 0.0000000000000000e+00 0.0000000000000000e+00
4.4500009678198199e-01 0.0000000000000000e+00 0.0000000000000000e+00
4.5500009678198200e-01 0.0000000000000000e+00 0.0000000000000000e+00
4.6500009678198201e-01 0.0000000000000000e+00 0.0000000000000000e+00
4.7500009678198202e-01 0.0000000000000000e+00 0.0000000000000000e+00
4.8500009678198197e-01 0.0000000000000000e+00 0.0000000000000000e+00
4.9500009678198198e-01 0.0000000000000000e+00 0.0000000000000000e+00
5.0500009678198199e-01 0.0000000000000000e+00 0.0000000000000000e+00
5.1500009678198200e-01 0.0000000000000000e+00 0.0000000000000000e+00
5.2500009678198201e-01 0.0000000000000000e+00 0.0000000000000000e+00
5.3500009678198202e-01 0.0000000000000000e+00 0.0000000000000000e+00
5.4500009678198202e-01 0.0000000000000000e+00 0.0000000000000000e+00
5.5500009678198203e-01 0.0000000000000000e+00 0.0000000000000000e+00
5.6500009678198204e-01 0.0000000000000000e+00 0.0000000000000000e+00
5.7500009678198205e-01 0.0000000000000000e+00 0.0000000000000000e+00
5.8500009678198195e-01 0.0000000000000000e+00 0.0000000000000000e+00
5.9500009678198196e-01 0.0000000000000000e+00 0.0000000000000000e+00
6.0500009678198197e-01 0.0000000000000000e+00 0.0000000000000000e+00
6.1500009678198198e-01 0.0000000000000000e+00 0.0000000000000000e+00
6.2500009678198198e-01 0.0000000000000000e+00 0.0000000000000000e+00
6.3500009678198199e-01 0.0000000000000000e+00 0.0000000000000000e+00
6.4500009678198200e-01 0.0000000000000000e+00 0.0000000000000000e+00
6.5500009678198201e-01 0.0000000000000000e+00 0.0000000000000000e+00
6.6500009678198202e-01 0.0000000000000000e+00 0.0000000000000000e+00
6.7500009678198203e-01 0.0000000000000000e+00 0.0000000000000000e+00
6.8500009678198204e-01 0.0000000000000000e+00 0.0000000000000000e+00
6.9500009678198205e-01 0.0000000000000000e+00 0.0000000000000000e+00
7.0500009678198206e-01 0.0000000000000000e+00 0.0000000000000000e+00
7.1500009678198195e-01 0.0000000000000000e+00 0.0000000000000000e+00
7.2500009678198196e-01 0.0000000000000000e+00 0.0000000000000000e+00
7.3500009678198197e-01 0.0000000000000000e+00 0.0000000000000000e+00
7.4500009678198198e-01 0.0000000000000000e+00 0.0000000000000000e+00
7.5500009678198199e-01 0.0000000000000000e+00 0.0000000000000000e+00
7.6500009678198200e-01 0.0000000000000000e+00 0.0000000000000000e+00
7.7500009678198201e-01 0.0000000000000000e+00 0.0000000000000000e+00
7.8500009678198202e-01 0.0000000000000000e+00 0.0000000000000000e+00
7.9500009678198202e-01 0.0000000000000000e+00 0.0000000000000000e+00
8.0500009678198203e-01 0.0000000000000000e+00 0.0000000000000000e+00
8.1500009678198204e-01 0.0000000000000000e+00 0.0000000000000000e+00
8.2500009678198205e-01 0.0000000000000000e+00 0.0000000000000000e+00
8.3500009678198206e-01 0.0000000000000000e+00 0.0000000000000000e+00
8.4500009678198196e-01 0.0000000000000000e+00 0.0000000000000000e+00
8.5500009678198197e-01 0.0000000000000000e+00 0.0000000000000000e+00
8.6500009678198198e-01 0.0000000000000000e+00 0.0000000000000000e+00
8.7500009678198198e-01 0.0000000000000000e+00 0.0000000000000000e+00
8.8500009678198199e-01 0.0000000000000000e+00 0.0000000000000000e+00
8.9500009678198200e-01 0.0000000000000000e+00 0.0000000000000000e+00
9.0500009678198201e-01 0.0000000000000000e+00 0.0000000000000000e+00
9.1500009678198202e-01 0.0000000000000000e+00 0.0000000000000000e+00
9.2500009678198203e-01 0.0000000000000000e+00 0.0000000000000000e+00
9.3500009678198204e-01 0.0000000000000000e+00 0.0000000000000000e+00
9.4500009678198205e-01 0.0000000000000000e+00 0.0000000000000000e+00
9.5500009678198206e-01 0.0000000000000000e+00 0.0000000000000000e+00
9.6500009678198195e-01 0.0000000000000000e+00 0.0000000000000000e+00
9.7500009678198196e-01 0.0000000000000000e+00 0.0000000000000000e+00
9.8500009678198197e-01 0.0000000000000000e+00 0.0000000000000000e+00
9.9500009678198198e-01 0.0000000000000000e+00 0.0000000000000000e+00
1.0050000967819819e+00 0.0000000000000000e+00 0.0000000000000000e+00
1.0150000967819819e+00 0.0000000000000000e+00 0.0000000000000000e+00
1.0250000967819819e+00 0.0000000000000000e+00 0.0000000000000000e+00
1.0350000967819819e+00 0.0000000000000000e+00 0.0000000000000000e+00
1.0450000967819819e+00 0.0000000000000000e+00 0.0000000000000000e+00
1.0550000967819819e+00 0.0000000000000000e+00 0.0000000000000000e+00
1.0650000967819819e+00 0.0000000000000000e+00 0.0000000000000000e+00
1.0750000967819819e+00 0.0000000000000000e+00 0.0000000000000000e+00
1.0850000967819819e+00 0.0000000000000000e+00 0.0000000000000000e+00
1.0950000967819820e+00 0.0000000000000000e+00 0.0000000000000000e+00
1.1050000967819820e+00 0.0000000000000000e+00 0.0000000000000000e+00
1.1150000967819820e+00 0.0000000000000000e+00 0.0000000000000000e+00
1.1250000967819820e+00 0.0000000000000000e+00 0.0000000000000000e+00
1.1350000967819820e+00 0.0000000000000000e+00 0.0000000000000000e+00
1.1450000967819820e+00 0.0000000000000000e+00 0.0000000000000000e+00
1.1550000967819820e+00 0.0000000000000000e+00 0.0000000000000000e+00
1.1650000967819818e+00 0.0000000000000000e+00 0.0000000000000000e+00
1.1750000967819818e+00 0.0000000000000000e+00 0.0000000000000000e+00
1.1850000967819818e+00 0.0000000000000000e+00 0.0000000000000000e+00
1.1950000967819818e+00 0.0000000000000000e+00 0.0000000000000000e+00
1.2050000967819818e+00 0.0000000000000000e+00 0.0000000000000000e+00
1.2150000967819818e+00 0.0000000000000000e+00 0.0000000000000000e+00
1.2250000967819819e+00 0.0000000000000000e+00 0.0000000000000000e+00
1.2350000967819819e+00 0.0000000000000000e+00 0.0000000000000000e+00
1.2450000967819819e+00 0.0000000000000000e+00 0.0000000000000000e+00
1.2550000967819819e+00 0.0000000000000000e+00 0.0000000000000000e+00
1.2650000967819819e+00 0.0000000000000000e+00 0.0000000000000000e+00
1.2750000967819819e+00 0.0000000000000000e+00 0.0000000000000000e+00
1.2850000967819819e+00 0.0000000000000000e+00 0.0000000000000000e+00
1.2950000967819819e+00 0.0000000000000000e+00 0.0000000000000000e+00
1.3050000967819819e+00 0.0000000000000000e+00 0.0000000000000000e+00
1.3150000967819819e+00 0.0000000000000000e+00 0.0000000000000000e+00
1.3250000967819819e+00 0.0000000000000000e+00 0.0000000000000000e+00
1.3350000967819819e+00 0.0000000000000000e+00 0.0000000000000000e+00
1.3450000967819820e+00 0.0000000000000000e+00 0.0000000000000000e+00
1.3550000967819820e+00 0.0000000000000000e+00 0.0000000000000000e+00
1.3650000967819820e+00 0.0000000000000000e+00 0.0000000000000000e+00
1.3750000967819820e+00 0.0000000000000000e+00 0.0000000000000000e+00
1.3850000967819820e+00 0.0000000000000000e+00 0.0000000000000000e+00
1.3950000967819820e+00 0.0000000000000000e+00 0.0000000000000000e+00
1.4050000967819820e+00 0.0000000000000000e+00 0.0000000000000000e+00
1.4150000967819818e+00 0.0000000000000000e+00 0.0000000000000000e+00
1.4250000967819818e+00 0.0000000000000000e+00 0.0000000000000000e+00
1.4350000967819818e+00 0.0000000000000000e+00 0.0000000000000000e+00
1.4450000967819818e+00 0.0000000000000000e+00 0.0000000000000000e+00
1.4550000967819818e+00 0.0000000000000000e+00 0.0000000000000000e+00
1.4650000967819818e+00 0.0000000000000000e+00 0.0000000000000000e+00
1.4750000967819819e+00 0.0000000000000000e+00 0.0000000000000000e+00
1.4850000967819819e+00 0.0000000000000000e+00 0.0000000000000000e+00
1.4950000967819819e+00 0.0000000000000000e+00 0.0000000000000000e+00
1.5050000967819819e+00 0.0000000000000000e+00 0.0000000000000000e+00
1.5150000967819819e+00 0.0000000000000000e+00 0.0000000000000000e+00
1.5250000967819819e+00 0.0000000000000000e+00 0.0000000000000000e+00
1.5350000967819819e+00 0.0000000000000000e+00 0.0000000000000000e+00
1.5450000967819819e+00 0.0000000000000000e+00 0.0000000000000000e+00
1.5550000967819819e+00 0.0000000000000000e+00 0.0000000000000000e+00
1.5650000967819819e+00 0.0000000000000000e+00 0.0000000000000000e+00
1.5750000967819819e+00 0.0000000000000000e+00 0.0000000000000000e+00
1.5850000967819819e+00 0.0000000000000000e+00 0.0000000000000000e+00
1.5950000967819820e+00 0.0000000000000000e+00 0.0000000000000000e+00
1.6050000967819820e+00 0.0000000000000000e+00 0.0000000000000000e+00
1.6150000967819820e+00 0.0000000000000000e+00 0.0000000000000000e+00
1.6250000967819820e+00 0.0000000000000000e+00 0.0000000000000000e+00
1.6350000967819820e+00 0.0000000000000000e+00 0.0000000000000000e+00
1.6450000967819820e+00 0.0000000000000000e+00 0.0000000000000000e+00
1.6550000967819820e+00 0.0000000000000000e+00 0.0000000000000000e+00
1.6650000967819820e+00 0.0000000000000000e+00 0.0000000000000000e+00
1.6750000967819818e+00 0.0000000000000000e+00 0.0000000000000000e+00
1.6850000967819818e+00 0.0000000000000000e+00 0.0000000000000000e+00
1.6950000967819818e+00 0.0000000000000000e+00 0.0000000000000000e+00
1.7050000967819818e+00 0.0000000000000000e+00 0.0000000000000000e+00
1.7150000967819818e+00 0.0000000000000000e+00 0.0000000000000000e+00
1.7250000967819819e+00 0.0000000000000000e+00 0.0000000000000000e+00
1.7350000967819819e+00 0.0000000000000000e+00 0.0000000000000000e+00
1.7450000967819819e+00 0.0000000000000000e+00 0.0000000000000000e+00
1.7550000967819819e+00 0.0000000000000000e+00 0.0000000000000000e+00
1.7650000967819819e+00 0.0000000000000000e+00 0.0000000000000000e+00
1.7750000967819819e+00 0.0000000000000000e+00 0.0000000000000000e+00
1.7850000967819819e+00 0.0000000000000000e+00 0.0000000000000000e+00
1.7950000967819819e+00 0.0000000000000000e+00 0.0000000000000000e+00
1.8050000967819819e+00 0.0000000000000000e+00 0.0000000000000000e+00
1.8150000967819819e+00 0.0000000000000000e+00 0.0000000000000000e+00
1.8250000967819819e+00 0.0000000000000000e+00 0.0000000000000000e+00
1.8350000967819819e+00 0.0000000000000000e+00 0.0000000000000000e+00
1.8450000967819820e+00 0.0000000000000000e+00 0.0000000000000000e+00
1.8550000967819820e+00 0.0000000000000000e+00 0.0000000000000000e+00
1.8650000967819820e+00 0.0000000000000000e+00 0.0000000000000000e+00
1.8750000967819820e+00 0.0000000000000000e+00 0.0000000000000000e+00
1.8850000967819820e+00 0.0000000000000000e+00 0.0000000000000000e+00
1.8950000967819820e+00 0.0000000000000000e+00 0.0000000000000000e+00
1.9050000967819820e+00 0.0000000000000000e+00 0.0000000000000000e+00
1.9150000967819820e+00 0.0000000000000000e+00 0.0000000000000000e+00
1.9250000967819818e+00 0.0000000000000000e+00 0.0000000000000000e+00
1.9350000967819818e+00 0.0000000000000000e+00 0.0000000000000000e+00
1.9450000967819818e+00 0.0000000000000000e+00 0.0000000000000000e+00
1.9550000967819818e+00 0.0000000000000000e+00 0.0000000000000000e+00
1.9650000967819818e+00 0.0000000000000000e+00 0.0000000000000000e+00
1.9750000967819819e+00 0.0000000000000000e+00 0.0000000000000000e+00
1.9850000967819819e+00 0.0000000000000000e+00 0.0000000000000000e+00
1.9950000967819819e+00 0.0000000000000000e+00 0.0000000000000000e+00
2.0050000967819819e+00 0.0000000000000000e+00 0.0000000000000000e+00
2.0150000967819821e+00 0.0000000000000000e+00 0.0000000000000000e+00
2.0250000967819819e+00 0.0000000000000000e+00 0.0000000000000000e+00
2.0350000967819821e+00 0.0000000000000000e+00 0.0000000000000000e+00
2.0450000967819819e+00 0.0000000000000000e+00 0.0000000000000000e+00
2.0550000967819817e+00 0.0000000000000000e+00 0.0000000000000000e+00
2.0650000967819819e+00 0.0000000000000000e+00 0.0000000000000000e+00
2.0750000967819817e+00 0.0000000000000000e+00 0.0000000000000000e+00
2.0850000967819819e+00 0.0000000000000000e+00 0.0000000000000000e+00
2.0950000967819817e+00 0.0000000000000000e+00 0.0000000000000000e+00
2.1050000967819820e+00 0.0000000000000000e+00 0.0000000000000000e+00
2.1150000967819818e+00 0.0000000000000000e+00 0.0000000000000000e+00
2.1250000967819820e+00 0.0000000000000000e+00 0.0000000000000000e+00
2.1350000967819818e+00 0.0000000000000000e+00 0.0000000000000000e+00
2.1450000967819820e+00 0.0000000000000000e+00 0.0000000000000000e+00
2.1550000967819818e+00 0.0000000000000000e+00 0.0000000000000000e+00
2.1650000967819820e+00 0.0000000000000000e+00 0.0000000000000000e+00
2.1750000967819818e+00 0.0000000000000000e+00 0.0000000000000000e+00
2.1850000967819820e+00 0.0000000000000000e+00 0.0000000000000000e+00
2.1950000967819818e+00 0.0000000000000000e+00 0.0000000000000000e+00
2.2050000967819821e+00 0.0000000000000000e+00 0.0000000000000000e+00
2.2150000967819818e+00 0.0000000000000000e+00 0.0000000000000000e+00
2.2250000967819821e+00 0.0000000000000000e+00 0.0000000000000000e+00
2.2350000967819819e+00 0.0000000000000000e+00 0.0000000000000000e+00
2.2450000967819821e+00 0.0000000000000000e+00 0.0000000000000000e+00
2.2550000967819819e+00 0.0000000000000000e+00 0.0000000000000000e+00
2.2650000967819821e+00 0.0000000000000000e+00 0.0000000000000000e+00
2.2750000967819819e+00 0.0000000000000000e+00 0.0000000000000000e+00
2.2850000967819821e+00 0.0000000000000000e+00 0.0000000000000000e+00
2.2950000967819819e+00 0.0000000000000000e+00 0.0000000000000000e+00
2.3050000967819821e+00 0.0000000000000000e+00 0.0000000000000000e+00
2.3150000967819819e+00 0.0000000000000000e+00 0.0000000000000000e+00
2.3250000967819817e+00 0.0000000000000000e+00 0.0000000000000000e+00
2.3350000967819819e+00 0.0000000000000000e+00 0.0000000000000000e+00
2.3450000967819817e+00 0.0000000000000000e+00 0.0000000000000000e+00
2.3550000967819820e+00 0.0000000000000000e+00 0.0000000000000000e+00
2.3650000967819818e+00 0.0000000000000000e+00 0.0000000000000000e+00
2.3750000967819820e+00 0.0000000000000000e+00 0.0000000000000000e+00
2.3850000967819818e+00 0.0000000000000000e+00 0.0000000000000000e+00
2.3950000967819820e+00 0.0000000000000000e+00 0.0000000000000000e+00
2.4050000967819818e+00 0.0000000000000000e+00 0.0000000000000000e+00
2.4150000967819820e+00 0.0000000000000000e+00 0.0000000000000000e+00
2.4250000967819818e+00 0.0000000000000000e+00 0.0000000000000000e+00
2.4350000967819820e+00 0.0000000000000000e+00 0.0000000000000000e+00
2.4450000967819818e+00 0.0000000000000000e+00 0.0000000000000000e+00
2.4550000967819821e+00 0.0000000000000000e+00 0.0000000000000000e+00
2.4650000967819818e+00 0.0000000000000000e+00 0.0000000000000000e+00
2.4750000967819821e+00 0.0000000000000000e+00 0.0000000000000000e+00
2.4850000967819819e+00 0.0000000000000000e+00 0.0000000000000000e+00
2.4950000967819821e+00 0.0000000000000000e+00 0.0000000000000000e+00
2.5050000967819819e+00 0.0000000000000000e+00 0.0000000000000000e+00
2.5150000967819821e+00 0.0000000000000000e+00 0.0000000000000000e+00
2.5250000967819819e+00 0.0000000000000000e+00 0.0000000000000000e+00
2.5350000967819821e+00 0.0000000000000000e+00 0.0000000000000000e+00
2.5450000967819819e+00 0.0000000000000000e+00 0.0000000000000000e+00
2.5550000967819821e+00 0.0000000000000000e+00 0.0000000000000000e+00
2.5650000967819819e+00 0.0000000000000000e+00 0.0000000000000000e+00
2.5750000967819817e+00 0.0000000000000000e+00 0.0000000000000000e+00
2.5850000967819819e+00 0.0000000000000000e+00 0.0000000000000000e+00
2.5950000967819817e+00 0.0000000000000000e+00 0.0000000000000000e+00
2.6050000967819820e+00 0.0000000000000000e+00 0.0000000000000000e+00
2.6150000967819818e+00 0.0000000000000000e+00 0.0000000000000000e+00
2.6250000967819820e+00 0.0000000000000000e+00 0.0000000000000000e+00
2.6350000967819818e+00 0.0000000000000000e+00 0.0000000000000000e+00
2.6450000967819820e+00 0.0000000000000000e+00 0.0000000000000000e+00
2.6550000967819818e+00 0.0000000000000000e+00 0.0000000000000000e+00
2.6650000967819820e+00 0.0000000000000000e+00 0.0000000000000000e+00
2.6750000967819818e+00 0.0000000000000000e+00 0.0000000000000000e+00
2.6850000967819820e+00 0.0000000000000000e+00 0.0000000000000000e+00
2.6950000967819818e+00 0.0000000000000000e+00 0.0000000000000000e+00
2.7050000967819821e+00 0.0000000000000000e+00 0.0000000000000000e+00
2.7150000967819818e+00 0.0000000000000000e+00 0.0000000000000000e+00
2.7250000967819821e+00 0.0000000000000000e+00 0.0000000000000000e+00
2.7350000967819819e+00 0.0000000000000000e+00 0.0000000000000000e+00
2.7450000967819821e+00 0.0000000000000000e+00 0.0000000000000000e+00
2.7550000967819819e+00 0.0000000000000000e+00 0.0000000000000000e+00
2.7650000967819821e+00 0.0000000000000000e+00 0.0000000000000000e+00
2.7750000967819819e+00 0.0000000000000000e+00 0.0000000000000000e+00
2.7850000967819821e+00 0.0000000000000000e+00 0.0000000000000000e+00
2.7950000967819819e+00 0.0000000000000000e+00 0.0000000000000000e+00
2.8050000967819821e+00 0.0000000000000000e+00 0.0000000000000000e+00
2.8150000967819819e+00 0.0000000000000000e+00 0.0000000000000000e+00
2.8250000967819817e+00 0.0000000000000000e+00 0.0000000000000000e+00
2.8350000967819819e+00 0.0000000000000000e+00 0.0000000000000000e+00
2.8450000967819817e+00 0.0000000000000000e+00 0.0000000000000000e+00
2.8550000967819820e+00 0.0000000000000000e+00 0.0000000000000000e+00
2.8650000967819818e+00 0.0000000000000000e+00 0.0000000000000000e+00
2.8750000967819820e+00 0.0000000000000000e+00 0.0000000000000000e+00
2.8850000967819818e+00 0.0000000000000000e+00 0.0000000000000000e+00
2.8950000967819820e+00 0.0000000000000000e+00 0.0000000000000000e+00
2.9050000967819818e+00 0.0000000000000000e+00 0.0000000000000000e+00
2.9150000967819820e+00 0.0000000000000000e+00 0.0000000000000000e+00
2.9250000967819818e+00 0.0000000000000000e+00 0.0000000000000000e+00
2.9350000967819820e+00 0.0000000000000000e+00 0.0000000000000000e+00
2.9450000967819818e+00 0.0000000000000000e+00 0.0000000000000000e+00
2.9550000967819821e+00 0.0000000000000000e+00 0.0000000000000000e+00
2.9650000967819818e+00 0.0000000000000000e+00 0.0000000000000000e+00
2.9750000967819821e+00 0.0000000000000000e+00 0.0000000000000000e+00
2.9850000967819819e+00 0.0000000000000000e+00 0.0000000000000000e+00
2.9950000967819821e+00 0.0000000000000000e+00 0.0000000000000000e+00
3.0050000967819819e+00 0.0000000000000000e+00 0.0000000000000000e+00
3.0150000967819821e+00 0.0000000000000000e+00 0.0000000000000000e+00
3.0250000967819819e+00 0.0000000000000000e+00 0.0000000000000000e+00
3.0350000967819821e+00 0.0000000000000000e+00 0.0000000000000000e+00
3.0450000967819819e+00 0.0000000000000000e+00 0.0000000000000000e+00
3.0550000967819821e+00 0.0000000000000000e+00 0.0000000000000000e+00
3.0650000967819819e+00 0.0000000000000000e+00 0.0000000000000000e+00
3.0750000967819822e+00 0.0000000000000000e+00 0.0000000000000000e+00
3.0850000967819819e+00 0.0000000000000000e+00 0.0000000000000000e+00
3.0950000967819817e+00 0.0000000000000000e+00 0.0000000000000000e+00
3.1050000967819820e+00 0.0000000000000000e+00 0.0000000000000000e+00
3.1150000967819818e+00 0.0000000000000000e+00 0.0000000000000000e+00
3.1250000967819820e+00 0.0000000000000000e+00 0.0000000000000000e+00
3.1350000967819818e+00 0.0000000000000000e+00 0.0000000000000000e+00
3.1450000967819820e+00 0.0000000000000000e+00 0.0000000000000000e+00
3.1550000967819818e+00 0.0000000000000000e+00 0.0000000000000000e+00
3.1650000967819820e+00 0.0000000000000000e+00 0.0000000000000000e+00
3.1750000967819818e+00 0.0000000000000000e+00 0.0000000000000000e+00
3.1850000967819820e+00 0.0000000000000000e+00 0.0000000000000000e+00
3.1950000967819818e+00 0.0000000000000000e+00 0.0000000000000000e+00
3.2050000967819821e+00 0.0000000000000000e+00 0.0000000000000000e+00
3.2150000967819818e+00 0.0000000000000000e+00 0.0000000000000000e+00
3.2250000967819821e+00 0.0000000000000000e+00 0.0000000000000000e+00
3.2350000967819819e+00 0.0000000000000000e+00 0.0000000000000000e+00
3.2450000967819821e+00 0.0000000000000000e+00 0.0000000000000000e+00
3.2550000967819819e+00 0.0000000000000000e+00 0.0000000000000000e+00
3.2650000967819821e+00 0.0000000000000000e+00 0.0000000000000000e+00
3.2750000967819819e+00 0.0000000000000000e+00 0.0000000000000000e+00
3.2850000967819821e+00 0.0000000000000000e+00 0.0000000000000000e+00
3.2950000967819819e+00 0.0000000000000000e+00 0.0000000000000000e+00
3.3050000967819821e+00 0.0000000000000000e+00 0.0000000000000000e+00
3.3150000967819819e+00 0.0000000000000000e+00 0.0000000000000000e+00
3.3250000967819822e+00 0.0000000000000000e+00 0.0000000000000000e+00
3.3350000967819819e+00 0.0000000000000000e+00 0.0000000000000000e+00
3.3450000967819817e+00 0.0000000000000000e+00 0.0000000000000000e+00
3.3550000967819820e+00 0.0000000000000000e+00 0.0000000000000000e+00
3.3650000967819818e+00 0.0000000000000000e+00 0.0000000000000000e+00
3.3750000967819820e+00 0.0000000000000000e+00 0.0000000000000000e+00
3.3850000967819818e+00 0.0000000000000000e+00 0.0000000000000000e+00
3.3950000967819820e+00 0.0000000000000000e+00 0.0000000000000000e+00
3.4050000967819818e+00 0.0000000000000000e+00 0.0000000000000000e+00
3.4150000967819820e+00 0.0000000000000000e+00 0.0000000000000000e+00
3.4250000967819818e+00 0.0000000000000000e+00 0.0000000000000000e+00
3.4350000967819820e+00 0.0000000000000000e+00 0.0000000000000000e+00
3.4450000967819818e+00 0.0000000000000000e+00 0.0000000000000000e+00
3.4550000967819821e+00 0.0000000000000000e+00 0.0000000000000000e+00
3.4650000967819818e+00 0.0000000000000000e+00 0.0000000000000000e+00
3.4750000967819821e+00 0.0000000000000000e+00 0.0000000000000000e+00
3.4850000967819819e+00 0.0000000000000000e+00 0.0000000000000000e+00
3.4950000967819821e+00 0.0000000000000000e+00 0.0000000000000000e+00
3.5050000967819819e+00 0.0000000000000000e+00 0.0000000000000000e+00
3.5150000967819821e+00 0.0000000000000000e+00 0.0000000000000000e+00
3.5250000967819819e+00 0.0000000000000000e+00 0.0000000000000000e+00
3.5350000967819821e+00 0.0000000000000000e+00 0.0000000000000000e+00
3.5450000967819819e+00 0.0000000000000000e+00 0.0000000000000000e+00
3.5550000967819821e+00 0.0000000000000000e+00 0.0000000000000000e+00
3.5650000967819819e+00 0.0000000000000000e+00 0.0000000000000000e+00
3.5750000967819822e+00 0.0000000000000000e+00 0.0000000000000000e+00
3.5850000967819819e+00 0.0000000000000000e+00 0.0000000000000000e+00
3.5950000967819817e+00 0.0000000000000000e+00 0.0000000000000000e+00
3.6050000967819820e+00 0.0000000000000000e+00 0.0000000000000000e+00
3.6150000967819818e+00 0.0000000000000000e+00 0.0000000000000000e+00
3.6250000967819820e+00 0.0000000000000000e+00 0.0000000000000000e+00
3.6350000967819818e+00 0.0000000000000000e+00 0.0000000000000000e+00
3.6450000967819820e+00 0.0000000000000000e+00 0.0000000000000000e+00
3.6550000967819818e+00 0.0000000000000000e+00 0.0000000000000000e+00
3.6650000967819820e+00 0.0000000000000000e+00 0.0000000000000000e+00
3.6750000967819818e+00 1.0000000000000000e+00 0.0000000000000000e+00
3.6850000967819820e+00 0.0000000000000000e+00 0.0000000000000000e+00
3.6950000967819818e+00 0.0000000000000000e+00 0.0000000000000000e+00
3.7050000967819821e+00 0.0000000000000000e+00 0.0000000000000000e+00
3.7150000967819818e+00 0.0000000000000000e+00 0.0000000000000000e+00
3.7250000967819821e+00 0.0000000000000000e+00 0.0000000000000000e+00
3.7350000967819819e+00 0.0000000000000000e+00 0.0000000000000000e+00
3.7450000967819821e+00 0.0000000000000000e+00 0.0000000000000000e+00
3.7550000967819819e+00 0.0000000000000000e+00 0.0000000000000000e+00
3.7650000967819821e+00 0.0000000000000000e+00 0.0000000000000000e+00
3.7750000967819819e+00 0.0000000000000000e+00 0.0000000000000000e+00
3.7850000967819821e+00 0.0000000000000000e+00 0.0000000000000000e+00
3.7950000967819819e+00 0.0000000000000000e+00 0.0000000000000000e+00
3.8050000967819821e+00 0.0000000000000000e+00 0.0000000000000000e+00
3.8150000967819819e+00 0.0000000000000000e+00 0.0000000000000000e+00
3.8250000967819822e+00 0.0000000000000000e+00 0.0000000000000000e+00
3.8350000967819819e+00 0.0000000000000000e+00 0.0000000000000000e+00
3.8450000967819817e+00 0.0000000000000000e+00 0.0000000000000000e+00
3.8550000967819820e+00 0.0000000000000000e+00 0.0000000000000000e+00
3.8650000967819818e+00 0.0000000000000000e+00 0.0000000000000000e+00
3.8750000967819820e+00 0.0000000000000000e+00 0.0000000000000000e+00
3.8850000967819818e+00 0.0000000000000000e+00 0.0000000000000000e+00
3.8950000967819820e+00 0.0000000000000000e+00 0.0000000000000000e+00
3.9050000967819818e+00 0.0000000000000000e+00 0.0000000000000000e+00
3.9150000967819820e+00 0.0000000000000000e+00 0.0000000000000000e+00
3.9250000967819818e+00 0.0000000000000000e+00 0.0000000000000000e+00
3.9350000967819820e+00 0.0000000000000000e+00 0.0000000000000000e+00
3.9450000967819818e+00 0.0000000000000000e+00 0.0000000000000000e+00
3.9550000967819821e+00 0.0000000000000000e+00 0.0000000000000000e+00
3.9650000967819818e+00 0.0000000000000000e+00 0.0000000000000000e+00
3.9750000967819821e+00 0.0000000000000000e+00 0.0000000000000000e+00
3.9850000967819819e+00 0.0000000000000000e+00 0.0000000000000000e+00
3.9950000967819821e+00 0.0000000000000000e+00 0.0000000000000000e+00
4.0050000967819814e+00 0.0000000000000000e+00 0.0000000000000000e+00
4.0150000967819812e+00 0.0000000000000000e+00 0.0000000000000000e+00
4.0250000967819819e+00 0.0000000000000000e+00 0.0000000000000000e+00
4.0350000967819817e+00 0.0000000000000000e+00 0.0000000000000000e+00
4.0450000967819815e+00 0.0000000000000000e+00 0.0000000000000000e+00
4.0550000967819813e+00 0.0000000000000000e+00 0.0000000000000000e+00
4.0650000967819819e+00 0.0000000000000000e+00 0.0000000000000000e+00
4.0750000967819817e+00 0.0000000000000000e+00 0.0000000000000000e+00
4.0850000967819815e+00 0.0000000000000000e+00 0.0000000000000000e+00
4.0950000967819813e+00 0.0000000000000000e+00 0.0000000000000000e+00
4.1050000967819811e+00 0.0000000000000000e+00 0.0000000000000000e+00
4.1150000967819818e+00 0.0000000000000000e+00 0.0000000000000000e+00
4.1250000967819815e+00 0.0000000000000000e+00 0.0000000000000000e+00
4.1350000967819813e+00 0.0000000000000000e+00 0.0000000000000000e+00
4.1450000967819811e+00 0.0000000000000000e+00 0.0000000000000000e+00
4.1550000967819818e+00 0.0000000000000000e+00 0.0000000000000000e+00
4.1650000967819816e+00 0.0000000000000000e+00 0.0000000000000000e+00
4.1750000967819814e+00 0.0000000000000000e+00 0.0000000000000000e+00
4.1850000967819811e+00 0.0000000000000000e+00 0.0000000000000000e+00
4.1950000967819818e+00 0.0000000000000000e+00 0.0000000000000000e+00
4.2050000967819816e+00 0.0000000000000000e+00 0.0000000000000000e+00
4.2150000967819814e+00 0.0000000000000000e+00 0.0000000000000000e+00
4.2250000967819812e+00 0.0000000000000000e+00 0.0000000000000000e+00
4.2350000967819819e+00 0.0000000000000000e+00 0.0000000000000000e+00
4.2450000967819816e+00 0.0000000000000000e+00 0.0000000000000000e+00
4.2550000967819814e+00 0.0000000000000000e+00 0.0000000000000000e+00
4.2650000967819812e+00 0.0000000000000000e+00 0.0000000000000000e+00
4.2750000967819819e+00 0.0000000000000000e+00 0.0000000000000000e+00
4.2850000967819817e+00 0.0000000000000000e+00 0.0000000000000000e+00
4.2950000967819815e+00 0.0000000000000000e+00 0.0000000000000000e+00
4.3050000967819813e+00 0.0000000000000000e+00 0.0000000000000000e+00
4.3150000967819819e+00 0.0000000000000000e+00 0.0000000000000000e+00
4.3250000967819817e+00 0.0000000000000000e+00 0.0000000000000000e+00
4.3350000967819815e+00 0.0000000000000000e+00 0.0000000000000000e+00
4.3450000967819813e+00 0.0000000000000000e+00 0.0000000000000000e+00
4.3550000967819820e+00 0.0000000000000000e+00 0.0000000000000000e+00
4.3650000967819818e+00 0.0000000000000000e+00 0.0000000000000000e+00
4.3750000967819815e+00 0.0000000000000000e+00 0.0000000000000000e+00
4.3850000967819813e+00 0.0000000000000000e+00 0.0000000000000000e+00
4.3950000967819811e+00 0.0000000000000000e+00 0.0000000000000000e+00
4.4050000967819818e+00 0.0000000000000000e+00 0.0000000000000000e+00
4.4150000967819816e+00 0.0000000000000000e+00 0.0000000000000000e+00
4.4250000967819814e+00 0.0000000000000000e+00 0.0000000000000000e+00
4.4350000967819811e+00 0.0000000000000000e+00 0.0000000000000000e+00
4.4450000967819818e+00 0.0000000000000000e+00 0.0000000000000000e+00
4.4550000967819816e+00 0.0000000000000000e+00 0.0000000000000000e+00
4.4650000967819814e+00 0.0000000000000000e+00 0.0000000000000000e+00
4.4750000967819812e+00 0.0000000000000000e+00 0.0000000000000000e+00
4.4850000967819819e+00 0.0000000000000000e+00 0.0000000000000000e+00
4.4950000967819816e+00 0.0000000000000000e+00 0.0000000000000000e+00
4.5050000967819814e+00 0.0000000000000000e+00 0.0000000000000000e+00
4.5150000967819812e+00 0.0000000000000000e+00 0.0000000000000000e+00
4.5250000967819819e+00 0.0000000000000000e+00 0.0000000000000000e+00
4.5350000967819817e+00 0.0000000000000000e+00 0.0000000000000000e+00
4.5450000967819815e+00 0.0000000000000000e+00 0.0000000000000000e+00
4.5550000967819813e+00 0.0000000000000000e+00 0.0000000000000000e+00
4.5650000967819819e+00 0.0000000000000000e+00 0.0000000000000000e+00
4.5750000967819817e+00 0.0000000000000000e+00 0.0000000000000000e+00
4.5850000967819815e+00 0.0000000000000000e+00 0.0000000000000000e+00
4.5950000967819813e+00 0.0000000000000000e+00 0.0000000000000000e+00
4.6050000967819820e+00 0.0000000000000000e+00 0.0000000000000000e+00
4.6150000967819818e+00 0.0000000000000000e+00 0.0000000000000000e+00
4.6250000967819815e+00 0.0000000000000000e+00 0.0000000000000000e+00
4.6350000967819813e+00 0.0000000000000000e+00 0.0000000000000000e+00
4.6450000967819811e+00 0.0000000000000000e+00 0.0000000000000000e+00
4.6550000967819818e+00 0.0000000000000000e+00 0.0000000000000000e+00
4.6650000967819816e+00 0.0000000000000000e+00 0.0000000000000000e+00
4.6750000967819814e+00 0.0000000000000000e+00 0.0000000000000000e+00
4.6850000967819811e+00 0.0000000000000000e+00 0.0000000000000000e+00
4.6950000967819818e+00 0.0000000000000000e+00 0.0000000000000000e+00
4.7050000967819816e+00 0.0000000000000000e+00 0.0000000000000000e+00
4.7150000967819814e+00 0.0000000000000000e+00 0.0000000000000000e+00
4.7250000967819812e+00 0.0000000000000000e+00 0.0000000000000000e+00
4.7350000967819819e+00 0.0000000000000000e+00 0.0000000000000000e+00
4.7450000967819816e+00 0.0000000000000000e+00 0.0000000000000000e+00
4.7550000967819814e+00 0.0000000000000000e+00 0.0000000000000000e+00
4.7650000967819812e+00 0.0000000000000000e+00 0.0000000000000000e+00
4.7750000967819819e+00 0.0000000000000000e+00 0.0000000000000000e+00
4.7850000967819817e+00 0.0000000000000000e+00 0.0000000000000000e+00
4.7950000967819815e+00 0.0000000000000000e+00 0.0000000000000000e+00
4.8050000967819813e+00 0.0000000000000000e+00 0.0000000000000000e+00
4.8150000967819819e+00 0.0000000000000000e+00 0.0000000000000000e+00
4.8250000967819817e+00 0.0000000000000000e+00 0.0000000000000000e+00
4.8350000967819815e+00 0.0000000000000000e+00 0.0000000000000000e+00
4.8450000967819813e+00 0.0000000000000000e+00 0.0000000000000000e+00
4.8550000967819820e+00 0.0000000000000000e+00 0.0000000000000000e+00
4.8650000967819818e+00 0.0000000000000000e+00 0.0000000000000000e+00
4.8750000967819815e+00 0.0000000000000000e+00 0.0000000000000000e+00
4.8850000967819813e+00 0.0000000000000000e+00 0.0000000000000000e+00
4.8950000967819811e+00 0.0000000000000000e+00 0.0000000000000000e+00
4.9050000967819818e+00 0.0000000000000000e+00 0.0000000000000000e+00
4.9150000967819816e+00 0.0000000000000000e+00 0.0000000000000000e+00
4.9250000967819814e+00 0.0000000000000000e+00 0.0000000000000000e+00
4.9350000967819811e+00 0.0000000000000000e+00 0.0000000000000000e+00
4.9450000967819818e+00 0.0000000000000000e+00 0.0000000000000000e+00
4.9550000967819816e+00 0.0000000000000000e+00 0.0000000000000000e+00
4.9650000967819814e+00 0.0000000000000000e+00 0.0000000000000000e+00
4.9750000967819812e+00 0.0000000000000000e+00 0.0000000000000000e+00
4.9850000967819819e+00 0.0000000000000000e+00 0.0000000000000000e+00
4.9950000967819816e+00 0.0000000000000000e+00 0.0000000000000000e+00
5.0050000967819814e+00 0.0000000000000000e+00 0.0000000000000000e+00
5.0150000967819812e+00 0.0000000000000000e+00 0.0000000000000000e+00
5.0250000967819819e+00 0.0000000000000000e+00 0.0000000000000000e+00
5.0350000967819817e+00 0.0000000000000000e+00 0.0000000000000000e+00
5.0450000967819815e+00 0.0000000000000000e+00 0.0000000000000000e+00
5.0550000967819813e+00 0.0000000000000000e+00 0.0000000000000000e+00
5.0650000967819819e+00 0.0000000000000000e+00 0.0000000000000000e+00
5.0750000967819817e+00 0.0000000000000000e+00 0.0000000000000000e+00
5.0850000967819815e+00 0.0000000000000000e+00 0.0000000000000000e+00
5.0950000967819813e+00 0.0000000000000000e+00 0.0000000000000000e+00
5.1050000967819820e+00 0.0000000000000000e+00 0.0000000000000000e+00
5.1150000967819818e+00 0.0000000000000000e+00 0.0000000000000000e+00
5.1250000967819815e+00 0.0000000000000000e+00 0.0000000000000000e+00
5.1350000967819813e+00 0.0000000000000000e+00 0.0000000000000000e+00
5.1450000967819811e+00 0.0000000000000000e+00 0.0000000000000000e+00
5.1550000967819818e+00 0.0000000000000000e+00 0.0000000000000000e+00
5.1650000967819816e+00 0.0000000000000000e+00 0.0000000000000000e+00
5.1750000967819814e+00 0.0000000000000000e+00 0.0000000000000000e+00
5.1850000967819811e+00 0.0000000000000000e+00 0.0000000000000000e+00
5.1950000967819818e+00 0.0000000000000000e+00 0.0000000000000000e+00
5.2050000967819816e+00 0.0000000000000000e+00 0.0000000000000000e+00
5.2150000967819814e+00 0.0000000000000000e+00 0.0000000000000000e+00
5.2250000967819812e+00 0.0000000000000000e+00 0.0000000000000000e+00
5.2350000967819819e+00 0.0000000000000000e+00 0.0000000000000000e+00
5.2450000967819816e+00 0.0000000000000000e+00 0.0000000000000000e+00
5.2550000967819814e+00 0.0000000000000000e+00 0.0000000000000000e+00
5.2650000967819812e+00 0.0000000000000000e+00 0.0000000000000000e+00
5.2750000967819819e+00 0.0000000000000000e+00 0.0000000000000000e+00
5.2850000967819817e+00 0.0000000000000000e+00 0.0000000000000000e+00
5.2950000967819815e+00 0.0000000000000000e+00 0.0000000000000000e+00
5.3050000967819813e+00 0.0000000000000000e+00 0.0000000000000000e+00
5.3150000967819819e+00 0.0000000000000000e+00 0.0000000000000000e+00
5.3250000967819817e+00 0.0000000000000000e+00 0.0000000000000000e+00
5.3350000967819815e+00 0.0000000000000000e+00 0.0000000000000000e+00
5.3450000967819813e+00 0.0000000000000000e+00 0.0000000000000000e+00
5.3550000967819820e+00 0.0000000000000000e+00 0.0000000000000000e+00
5.3650000967819818e+00 0.0000000000000000e+00 0.0000000000000000e+00
5.3750000967819815e+00 0.0000000000000000e+00 0.0000000000000000e+00
5.3850000967819813e+00 0.0000000000000000e+00 0.0000000000000000e+00
5.3950000967819811e+00 0.0000000000000000e+00 0.0000000000000000e+00
5.4050000967819818e+00 0.0000000000000000e+00 0.0000000000000000e+00
5.4150000967819816e+00 0.0000000000000000e+00 0.0000000000000000e+00
5.4250000967819814e+00 0.0000000000000000e+00 0.0000000000000000e+00
5.4350000967819811e+00 0.0000000000000000e+00 0.0000000000000000e+00
5.4450000967819818e+00 0.0000000000000000e+00 0.0000000000000000e+00
5.4550000967819816e+00 0.0000000000000000e+00 0.0000000000000000e+00
5.4650000967819814e+00 0.0000000000000000e+00 0.0000000000000000e+00
5.4750000967819812e+00 0.0000000000000000e+00 0.0000000000000000e+00
5.4850000967819819e+00 0.0000000000000000e+00 0.0000000000000000e+00
5.4950000967819816e+00 0.0000000000000000e+00 0.0000000000000000e+00
5.5050000967819814e+00 0.0000000000000000e+00 0.0000000000000000e+00
5.5150000967819812e+00 0.0000000000000000e+00 0.0000000000000000e+00
5.5250000967819819e+00 0.0000000000000000e+00 0.0000000000000000e+00
5.5350000967819817e+00 0.0000000000000000e+00 0.0000000000000000e+00
5.5450000967819815e+00 0.0000000000000000e+00 0.0000000000000000e+00
5.5550000967819813e+00 0.0000000000000000e+00 0.0000000000000000e+00
5.5650000967819819e+00 0.0000000000000000e+00 0.0000000000000000e+00
5.5750000967819817e+00 0.0000000000000000e+00 0.0000000000000000e+00
5.5850000967819815e+00 0.0000000000000000e+00 0.0000000000000000e+00
5.5950000967819813e+00 0.0000000000000000e+00 0.0000000000000000e+00
5.6050000967819820e+00 0.0000000000000000e+00 0.0000000000000000e+00
5.6150000967819818e+00 0.0000000000000000e+00 0.0000000000000000e+00
5.6250000967819815e+00 0.0000000000000000e+00 0.0000000000000000e+00
5.6350000967819813e+00 0.0000000000000000e+00 0.0000000000000000e+00
5.6450000967819811e+00 0.0000000000000000e+00 0.0000000000000000e+00
5.6550000967819818e+00 0.0000000000000000e+00 0.0000000000000000e+00
5.6650000967819816e+00 0.0000000000000000e+00 0.0000000000000000e+00
5.6750000967819814e+00 0.0000000000000000e+00 0.0000000000000000e+00
5.6850000967819811e+00 0.0000000000000000e+00 0.0000000000000000e+00
5.6950000967819818e+00 0.0000000000000000e+00 0.0000000000000000e+00
5.7050000967819816e+00 0.0000000000000000e+00 0.0000000000000000e+00
5.7150000967819814e+00 0.0000000000000000e+00 0.0000000000000000e+00
5.7250000967819812e+00 0.0000000000000000e+00 0.0000000000000000e+00
5.7350000967819819e+00 0.0000000000000000e+00 0.0000000000000000e+00
5.7450000967819816e+00 0.0000000000000000e+00 0.0000000000000000e+00
5.7550000967819814e+00 0.0000000000000000e+00 0.0000000000000000e+00
5.7650000967819812e+00 0.0000000000000000e+00 0.0000000000000000e+00
5.7750000967819819e+00 0.0000000000000000e+00 0.0000000000000000e+00
5.7850000967819817e+00 0.0000000000000000e+00 0.0000000000000000e+00
5.7950000967819815e+00 0.0000000000000000e+00 0.0000000000000000e+00
5.8050000967819813e+00 0.0000000000000000e+00 0.0000000000000000e+00
5.8150000967819819e+00 0.0000000000000000e+00 0.0000000000000000e+00
5.8250000967819817e+00 0.0000000000000000e+00 0.0000000000000000e+00
5.8350000967819815e+00 0.0000000000000000e+00 0.0000000000000000e+00
5.8450000967819813e+00 0.0000000000000000e+00 0.0000000000000000e+00
5.8550000967819820e+00 0.0000000000000000e+00 0.0000000000000000e+00
5.8650000967819818e+00 0.0000000000000000e+00 0.0000000000000000e+00
5.8750000967819815e+00 0.0000000000000000e+00 0.0000000000000000e+00
5.8850000967819813e+00 0.0000000000000000e+00 0.0000000000000000e+00
5.8950000967819811e+00 0.0000000000000000e+00 0.0000000000000000e+00
5.9050000967819818e+00 0.0000000000000000e+00 0.0000000000000000e+00
5.9150000967819816e+00 0.0000000000000000e+00 0.0000000000000000e+00
5.9250000967819814e+00 0.0000000000000000e+00 0.0000000000000000e+00
5.9350000967819811e+00 0.0000000000000000e+00 0.0000000000000000e+00
5.9450000967819818e+00 0.0000000000000000e+00 0.0000000000000000e+00
5.9550000967819816e+00 0.0000000000000000e+00 0.0000000000000000e+00
5.9650000967819814e+00 0.0000000000000000e+00 0.0000000000000000e+00
5.9750000967819812e+00 0.0000000000000000e+00 0.0000000000000000e+00
5.9850000967819819e+00 0.0000000000000000e+00 0.0000000000000000e+00
5.9950000967819816e+00 0.0000000000000000e+00 0.0000000000000000e+00
6.0050000967819814e+00 0.0000000000000000e+00 0.0000000000000000e+00
6.0150000967819812e+00 0.0000000000000000e+00 0.0000000000000000e+00
6.0250000967819819e+00 0.0000000000000000e+00 0.0000000000000000e+00
6.0350000967819817e+00 0.0000000000000000e+00 0.0000000000000000e+00
6.0450000967819815e+00 0.0000000000000000e+00 0.0000000000000000e+00
6.0550000967819813e+00 0.0000000000000000e+00 0.0000000000000000e+00
6.0650000967819819e+00 0.0000000000000000e+00 0.0000000000000000e+00
6.0750000967819817e+00 0.0000000000000000e+00 0.0000000000000000e+00
6.0850000967819815e+00 0.0000000000000000e+00 0.0000000000000000e+00
6.0950000967819813e+00 0.0000000000000000e+00 0.0000000000000000e+00
6.1050000967819820e+00 0.0000000000000000e+00 0.0000000000000000e+00
6.1150000967819818e+00 0.0000000000000000e+00 0.0000000000000000e+00
6.1250000967819815e+00 0.0000000000000000e+00 0.0000000000000000e+00
6.1350000967819813e+00 0.0000000000000000e+00 0.0000000000000000e+00
6.1450000967819820e+00 0.0000000000000000e+00 0.0000000000000000e+00
6.1550000967819818e+00 0.0000000000000000e+00 0.0000000000000000e+00
6.1650000967819816e+00 0.0000000000000000e+00 0.0000000000000000e+00
6.1750000967819814e+00 0.0000000000000000e+00 0.0000000000000000e+00
6.1850000967819811e+00 0.0000000000000000e+00 0.0000000000000000e+00
6.1950000967819818e+00 0.0000000000000000e+00 0.0000000000000000e+00
6.2050000967819816e+00 0.0000000000000000e+00 0.0000000000000000e+00
6.2150000967819814e+00 0.0000000000000000e+00 0.0000000000000000e+00
6.2250000967819812e+00 0.0000000000000000e+00 0.0000000000000000e+00
6.2350000967819819e+00 0.0000000000000000e+00 0.0000000000000000e+00
6.2450000967819816e+00 0.0000000000000000e+00 0.0000000000000000e+00
6.2550000967819814e+00 0.0000000000000000e+00 0.0000000000000000e+00
6.2650000967819812e+00 0.0000000000000000e+00 0.0000000000000000e+00
6.2750000967819819e+00 0.0000000000000000e+00 0.0000000000000000e+00
6.2850000967819817e+00 0.0000000000000000e+00 0.0000000000000000e+00
6.2950000967819815e+00 0.0000000000000000e+00 0.0000000000000000e+00
6.3050000967819813e+00 0.0000000000000000e+00 0.0000000000000000e+00
6.3150000967819819e+00 0.0000000000000000e+00 0.0000000000000000e+00
6.3250000967819817e+00 0.0000000000000000e+00 0.0000000000000000e+00
6.3350000967819815e+00 0.0000000000000000e+00 0.0000000000000000e+00
6.3450000967819813e+00 0.0000000000000000e+00 0.0000000000000000e+00
6.3550000967819820e+00 0.0000000000000000e+00 0.0000000000000000e+00
6.3650000967819818e+00 0.0000000000000000e+00 0.0000000000000000e+00
6.3750000967819815e+00 0.0000000000000000e+00 0.0000000000000000e+00
6.3850000967819813e+00 0.0000000000000000e+00 0.0000000000000000e+00
6.3950000967819820e+00 0.0000000000000000e+00 0.0000000000000000e+00
6.4050000967819818e+00 0.0000000000000000e+00 0.0000000000000000e+00
6.4150000967819816e+00 0.0000000000000000e+00 0.0000000000000000e+00
6.4250000967819814e+00 0.0000000000000000e+00 0.0000000000000000e+00
6.4350000967819811e+00 0.0000000000000000e+00 0.0000000000000000e+00
6.4450000967819818e+00 0.0000000000000000e+00 0.0000000000000000e+00
6.4550000967819816e+00 0.0000000000000000e+00 0.0000000000000000e+00
6.4650000967819814e+00 0.0000000000000000e+00 0.0000000000000000e+00
6.4750000967819812e+00 0.0000000000000000e+00 0.0000000000000000e+00
6.4850000967819819e+00 0.0000000000000000e+00 0.0000000000000000e+00
6.4950000967819816e+00 0.0000000000000000e+00 0.0000000000000000e+00
6.5050000967819814e+00 0.0000000000000000e+00 0.0000000000000000e+00
6.5150000967819812e+00 0.0000000000000000e+00 0.0000000000000000e+00
6.5250000967819819e+00 0.0000000000000000e+00 0.0000000000000000e+00
6.5350000967819817e+00 0.0000000000000000e+00 0.0000000000000000e+00
6.5450000967819815e+00 0.0000000000000000e+00 0.0000000000000000e+00
6.5550000967819813e+00 0.0000000000000000e+00 0.0000000000000000e+00
6.5650000967819819e+00 0.0000000000000000e+00 0.0000000000000000e+00
6.5750000967819817e+00 0.0000000000000000e+00 0.0000000000000000e+00
6.5850000967819815e+00 0.0000000000000000e+00 0.0000000000000000e+00
6.5950000967819813e+00 0.0000000000000000e+00 0.0000000000000000e+00
6.6050000967819820e+00 0.0000000000000000e+00 0.0000000000000000e+00
6.6150000967819818e+00 0.0000000000000000e+00 0.0000000000000000e+00
6.6250000967819815e+00 0.0000000000000000e+00 0.0000000000000000e+00
6.6350000967819813e+00 0.0000000000000000e+00 0.0000000000000000e+00
6.6450000967819820e+00 0.0000000000000000e+00 0.0000000000000000e+00
6.6550000967819818e+00 0.0000000000000000e+00 0.0000000000000000e+00
6.6650000967819816e+00 0.0000000000000000e+00 0.0000000000000000e+00
6.6750000967819814e+00 0.0000000000000000e+00 0.0000000000000000e+00
6.6850000967819811e+00 0.0000000000000000e+00 0.0000000000000000e+00
6.6950000967819818e+00 0.0000000000000000e+00 0.0000000000000000e+00
6.7050000967819816e+00 0.0000000000000000e+00 0.0000000000000000e+00
6.7150000967819814e+00 0.0000000000000000e+00 0.0000000000000000e+00
6.7250000967819812e+00 0.0000000000000000e+00 0.0000000000000000e+00
6.7350000967819819e+00 0.0000000000000000e+00 0.0000000000000000e+00
6.7450000967819816e+00 0.0000000000000000e+00 0.0000000000000000e+00
6.7550000967819814e+00 0.0000000000000000e+00 0.0000000000000000e+00
6.7650000967819812e+00 0.0000000000000000e+00 0.0000000000000000e+00
6.7750000967819819e+00 0.0000000000000000e+00 0.0000000000000000e+00
6.7850000967819817e+00 0.0000000000000000e+00 0.0000000000000000e+00
6.7950000967819815e+00 0.0000000000000000e+00 0.0000000000000000e+00
6.8050000967819813e+00 0.0000000000000000e+00 0.0000000000000000e+00
6.8150000967819819e+00 0.0000000000000000e+00 0.0000000000000000e+00
6.8250000967819817e+00 0.0000000000000000e+00 0.0000000000000000e+00
6.8350000967819815e+00 0.0000000000000000e+00 0.0000000000000000e+00
6.8450000967819813e+00 0.0000000000000000e+00 0.0000000000000000e+00
6.8550000967819820e+00 0.0000000000000000e+00 0.0000000000000000e+00
6.8650000967819818e+00 0.0000000000000000e+00 0.0000000000000000e+00
6.8750000967819815e+00 0.0000000000000000e+00 0.0000000000000000e+00
6.8850000967819813e+00 0.0000000000000000e+00 0.0000000000000000e+00
6.8950000967819820e+00 0.0000000000000000e+00 0.0000000000000000e+00
6.9050000967819818e+00 0.0000000000000000e+00 0.0000000000000000e+00
6.9150000967819816e+00 0.0000000000000000e+00 0.0000000000000000e+00
6.9250000967819814e+00 0.0000000000000000e+00 0.0000000000000000e+00
6.9350000967819811e+00 0.0000000000000000e+00 0.0000000000000000e+00
6.9450000967819818e+00 0.0000000000000000e+00 0.0000000000000000e+00
6.9550000967819816e+00 0.0000000000000000e+00 0.0000000000000000e+00
6.9650000967819814e+00 0.0000000000000000e+00 0.0000000000000000e+00
6.9750000967819812e+00 0.0000000000000000e+00 0.0000000000000000e+00
6.9850000967819819e+00 0.0000000000000000e+00 0.0000000000000000e+00
6.9950000967819816e+00 0.0000000000000000e+00 0.0000000000000000e+00
7.0050000967819814e+00 0.0000000000000000e+00 0.0000000000000000e+00
7.0150000967819812e+00 0.0000000000000000e+00 0.0000000000000000e+00
7.0250000967819819e+00 0.0000000000000000e+00 0.0000000000000000e+00
7.0350000967819817e+00 0.0000000000000000e+00 0.0000000000000000e+00
7.0450000967819815e+00 0.0000000000000000e+00 0.0000000000000000e+00
7.0550000967819813e+00 0.0000000000000000e+00 0.0000000000000000e+00
7.0650000967819819e+00 0.0000000000000000e+00 0.0000000000000000e+00
7.0750000967819817e+00 0.0000000000000000e+00 0.0000000000000000e+00
7.0850000967819815e+00 0.0000000000000000e+00 0.0000000000000000e+00
7.0950000967819813e+00 0.0000000000000000e+00 0.0000000000000000e+00
7.1050000967819820e+00 0.0000000000000000e+00 0.0000000000000000e+00
7.1150000967819818e+00 0.0000000000000000e+00 0.0000000000000000e+00
7.1250000967819815e+00 0.0000000000000000e+00 0.0000000000000000e+00
7.1350000967819813e+00 0.0000000000000000e+00 0.0000000000000000e+00
7.1450000967819820e+00 0.0000000000000000e+00 0.0000000000000000e+00
7.1550000967819818e+00 0.0000000000000000e+00 0.0000000000000000e+00
7.1650000967819816e+00 0.0000000000000000e+00 0.0000000000000000e+00
7.1750000967819814e+00 0.0000000000000000e+00 0.0000000000000000e+00
7.1850000967819811e+00 0.0000000000000000e+00 0.0000000000000000e+00
7.1950000967819818e+00 0.0000000000000000e+00 0.0000000000000000e+00
7.2050000967819816e+00 0.0000000000000000e+00 0.0000000000000000e+00
7.2150000967819814e+00 0.0000000000000000e+00 0.0000000000000000e+00
7.2250000967819812e+00 0.0000000000000000e+00 0.0000000000000000e+00
7.2350000967819819e+00 0.0000000000000000e+00 0.0000000000000000e+00
7.2450000967819816e+00 0.0000000000000000e+00 0.0000000000000000e+00
7.2550000967819814e+00 0.0000000000000000e+00 0.0000000000000000e+00
7.2650000967819812e+00 0.0000000000000000e+00 0.0000000000000000e+00
7.2750000967819819e+00 0.0000000000000000e+00 0.0000000000000000e+00
7.2850000967819817e+00 0.0000000000000000e+00 0.0000000000000000e+00
7.2950000967819815e+00 0.0000000000000000e+00 0.0000000000000000e+00
7.3050000967819813e+00 0.0000000000000000e+00 0.0000000000000000e+00
7.3150000967819819e+00 0.0000000000000000e+00 0.0000000000000000e+00
7.3250000967819817e+00 0.0000000000000000e+00 0.0000000000000000e+00
7.3350000967819815e+00 0.0000000000000000e+00 0.0000000000000000e+00
7.3450000967819813e+00 0.0000000000000000e+00 0.0000000000000000e+00
7.3550000967819820e+00 0.0000000000000000e+00 0.0000000000000000e+00
7.3650000967819818e+00 0.0000000000000000e+00 0.0000000000000000e+00
7.3750000967819815e+00 0.0000000000000000e+00 0.0000000000000000e+00
7.3850000967819813e+00 0.0000000000000000e+00 0.0000000000000000e+00
7.3950000967819820e+00 0.0000000000000000e+00 0.0000000000000000e+00
7.4050000967819818e+00 0.0000000000000000e+00 0.0000000000000000e+00
7.4150000967819816e+00 0.0000000000000000e+00 0.0000000000000000e+00
7.4250000967819814e+00 0.0000000000000000e+00 0.0000000000000000e+00
7.4350000967819811e+00 0.0000000000000000e+00 0.0000000000000000e+00
7.4450000967819818e+00 0.0000000000000000e+00 0.0000000000000000e+00
7.4550000967819816e+00 0.0000000000000000e+00 0.0000000000000000e+00
7.4650000967819814e+00 0.0000000000000000e+00 0.0000000000000000e+00
7.4750000967819812e+00 0.0000000000000000e+00 0.0000000000000000e+00
7.4850000967819819e+00 0.0000000000000000e+00 0.0000000000000000e+00
7.4950000967819816e+00 0.0000000000000000e+00 0.0000000000000000e+00
7.5050000967819814e+00 0.0000000000000000e+00 0.0000000000000000e+00
7.5150000967819812e+00 0.0000000000000000e+00 0.0000000000000000e+00
7.5250000967819819e+00 0.0000000000000000e+00 0.0000000000000000e+00
7.5350000967819817e+00 0.0000000000000000e+00 0.0000000000000000e+00
7.5450000967819815e+00 0.0000000000000000e+00 0.0000000000000000e+00
7.5550000967819813e+00 0.0000000000000000e+00 0.0000000000000000e+00
7.5650000967819819e+00 0.0000000000000000e+00 0.0000000000000000e+00
7.5750000967819817e+00 0.0000000000000000e+00 0.0000000000000000e+00
7.5850000967819815e+00 0.0000000000000000e+00 0.0000000000000000e+00
7.5950000967819813e+00 0.0000000000000000e+00 0.0000000000000000e+00
7.6050000967819820e+00 0.0000000000000000e+00 0.0000000000000000e+00
7.6150000967819818e+00 0.0000000000000000e+00 0.0000000000000000e+00
7.6250000967819815e+00 0.0000000000000000e+00 0.0000000000000000e+00
7.6350000967819813e+00 0.0000000000000000e+00 0.0000000000000000e+00
7.6450000967819820e+00 0.0000000000000000e+00 0.0000000000000000e+00
7.6550000967819818e+00 0.0000000000000000e+00 0.0000000000000000e+00
7.6650000967819816e+00 0.0000000000000000e+00 0.0000000000000000e+00
7.6750000967819814e+00 0.0000000000000000e+00 0.0000000000000000e+00
7.6850000967819811e+00 0.0000000000000000e+00 0.0000000000000000e+00
7.6950000967819818e+00 0.0000000000000000e+00 0.0000000000000000e+00
7.7050000967819816e+00 0.0000000000000000e+00 0.0000000000000000e+00
7.7150000967819814e+00 0.0000000000000000e+00 0.0000000000000000e+00
7.7250000967819812e+00 0.0000000000000000e+00 0.0000000000000000e+00
7.7350000967819819e+00 0.0000000000000000e+00 0.0000000000000000e+00
7.7450000967819816e+00 0.0000000000000000e+00 0.0000000000000000e+00
7.7550000967819814e+00 0.0000000000000000e+00 0.0000000000000000e+00
7.7650000967819812e+00 0.0000000000000000e+00 0.0000000000000000e+00
7.7750000967819819e+00 0.0000000000000000e+00 0.0000000000000000e+00
7.7850000967819817e+00 0.0000000000000000e+00 0.0000000000000000e+00
7.7950000967819815e+00 0.0000000000000000e+00 0.0000000000000000e+00
7.8050000967819813e+00 0.0000000000000000e+00 0.0000000000000000e+00
7.8150000967819819e+00 0.0000000000000000e+00 0.0000000000000000e+00
7.8250000967819817e+00 0.0000000000000000e+00 0.0000000000000000e+00
7.8350000967819815e+00 0.0000000000000000e+00 0.0000000000000000e+00
7.8450000967819813e+00 0.0000000000000000e+00 0.0000000000000000e+00
7.8550000967819820e+00 0.0000000000000000e+00 0.0000000000000000e+00
7.8650000967819818e+00 0.0000000000000000e+00 0.0000000000000000e+00
7.8750000967819815e+00 0.0000000000000000e+00 0.0000000000000000e+00
7.8850000967819813e+00 0.0000000000000000e+00 0.0000000000000000e+00
7.8950000967819820e+00 0.0000000000000000e+00 0.0000000000000000e+00
7.9050000967819818e+00 0.0000000000000000e+00 0.0000000000000000e+00
7.9150000967819816e+00 0.0000000000000000e+00 0.0000000000000000e+00
7.9250000967819814e+00 0.0000000000000000e+00 0.0000000000000000e+00
7.9350000967819820e+00 0.0000000000000000e+00 0.0000000000000000e+00
7.9450000967819818e+00 0.0000000000000000e+00 0.0000000000000000e+00
7.9550000967819816e+00 0.0000000000000000e+00 0.0000000000000000e+00
7.9650000967819814e+00 0.0000000000000000e+00 0.0000000000000000e+00
7.9750000967819812e+00 0.0000000000000000e+00 0.0000000000000000e+00
7.9850000967819819e+00 0.0000000000000000e+00 0.0000000000000000e+00
7.9950000967819816e+00 0.0000000000000000e+00 0.0000000000000000e+00
8.0050000967819823e+00 0.0000000000000000e+00 0.0000000000000000e+00
8.0150000967819821e+00 0.0000000000000000e+00 0.0000000000000000e+00
8.0250000967819819e+00 0.0000000000000000e+00 0.0000000000000000e+00
8.0350000967819817e+00 0.0000000000000000e+00 0.0000000000000000e+00
8.0450000967819832e+00 0.0000000000000000e+00 0.0000000000000000e+00
8.0550000967819830e+00 0.0000000000000000e+00 0.0000000000000000e+00
8.0650000967819828e+00 0.0000000000000000e+00 0.0000000000000000e+00
8.0750000967819826e+00 0.0000000000000000e+00 0.0000000000000000e+00
8.0850000967819824e+00 0.0000000000000000e+00 0.0000000000000000e+00
8.0950000967819822e+00 0.0000000000000000e+00 0.0000000000000000e+00
8.1050000967819820e+00 0.0000000000000000e+00 0.0000000000000000e+00
8.1150000967819818e+00 0.0000000000000000e+00 0.0000000000000000e+00
8.1250000967819833e+00 0.0000000000000000e+00 0.0000000000000000e+00
8.1350000967819831e+00 0.0000000000000000e+00 0.0000000000000000e+00
8.1450000967819829e+00 0.0000000000000000e+00 0.0000000000000000e+00
8.1550000967819827e+00 0.0000000000000000e+00 0.0000000000000000e+00
8.1650000967819825e+00 0.0000000000000000e+00 0.0000000000000000e+00
8.1750000967819823e+00 0.0000000000000000e+00 0.0000000000000000e+00
8.1850000967819820e+00 0.0000000000000000e+00 0.0000000000000000e+00
8.1950000967819818e+00 0.0000000000000000e+00 0.0000000000000000e+00
8.2050000967819816e+00 0.0000000000000000e+00 0.0000000000000000e+00
8.2150000967819832e+00 0.0000000000000000e+00 0.0000000000000000e+00
8.2250000967819830e+00 0.0000000000000000e+00 0.0000000000000000e+00
8.2350000967819827e+00 0.0000000000000000e+00 0.0000000000000000e+00
8.2450000967819825e+00 0.0000000000000000e+00 0.0000000000000000e+00
8.2550000967819823e+00 0.0000000000000000e+00 0.0000000000000000e+00
8.2650000967819821e+00 0.0000000000000000e+00 0.0000000000000000e+00
8.2750000967819819e+00 0.0000000000000000e+00 0.0000000000000000e+00
8.2850000967819817e+00 0.0000000000000000e+00 0.0000000000000000e+00
8.2950000967819832e+00 0.0000000000000000e+00 0.0000000000000000e+00
8.3050000967819830e+00 0.0000000000000000e+00 0.0000000000000000e+00
8.3150000967819828e+00 0.0000000000000000e+00 0.0000000000000000e+00
8.3250000967819826e+00 0.0000000000000000e+00 0.0000000000000000e+00
8.3350000967819824e+00 0.0000000000000000e+00 0.0000000000000000e+00
8.3450000967819822e+00 0.0000000000000000e+00 0.0000000000000000e+00
8.3550000967819820e+00 0.0000000000000000e+00 0.0000000000000000e+00
8.3650000967819818e+00 0.0000000000000000e+00 0.0000000000000000e+00
8.3750000967819833e+00 0.0000000000000000e+00 0.0000000000000000e+00
8.3850000967819831e+00 0.0000000000000000e+00 0.0000000000000000e+00
8.3950000967819829e+00 0.0000000000000000e+00 0.0000000000000000e+00
8.4050000967819827e+00 0.0000000000000000e+00 0.0000000000000000e+00
8.4150000967819825e+00 0.0000000000000000e+00 0.0000000000000000e+00
8.4250000967819823e+00 0.0000000000000000e+00 0.0000000000000000e+00
8.4350000967819820e+00 0.0000000000000000e+00 0.0000000000000000e+00
8.4450000967819818e+00 0.0000000000000000e+00 0.0000000000000000e+00
8.4550000967819816e+00 0.0000000000000000e+00 0.0000000000000000e+00
8.4650000967819832e+00 0.0000000000000000e+00 0.0000000000000000e+00
8.4750000967819830e+00 0.0000000000000000e+00 0.0000000000000000e+00
8.4850000967819827e+00 0.0000000000000000e+00 0.0000000000000000e+00
8.4950000967819825e+00 0.0000000000000000e+00 0.0000000000000000e+00
8.5050000967819823e+00 0.0000000000000000e+00 0.0000000000000000e+00
8.5150000967819821e+00 0.0000000000000000e+00 0.0000000000000000e+00
8.5250000967819819e+00 0.0000000000000000e+00 0.0000000000000000e+00
8.5350000967819817e+00 0.0000000000000000e+00 0.0000000000000000e+00
8.5450000967819832e+00 0.0000000000000000e+00 0.0000000000000000e+00
8.5550000967819830e+00 0.0000000000000000e+00 0.0000000000000000e+00
8.5650000967819828e+00 0.0000000000000000e+00 0.0000000000000000e+00
8.5750000967819826e+00 0.0000000000000000e+00 0.0000000000000000e+00
8.5850000967819824e+00 0.0000000000000000e+00 0.0000000000000000e+00
8.5950000967819822e+00 0.0000000000000000e+00 0.0000000000000000e+00
8.6050000967819820e+00 0.0000000000000000e+00 0.0000000000000000e+00
8.6150000967819818e+00 0.0000000000000000e+00 0.0000000000000000e+00
8.6250000967819833e+00 0.0000000000000000e+00 0.0000000000000000e+00
8.6350000967819831e+00 0.0000000000000000e+00 0.0000000000000000e+00
8.6450000967819829e+00 0.0000000000000000e+00 0.0000000000000000e+00
8.6550000967819827e+00 0.0000000000000000e+00 0.0000000000000000e+00
8.6650000967819825e+00 0.0000000000000000e+00 0.0000000000000000e+00
8.6750000967819823e+00 0.0000000000000000e+00 0.0000000000000000e+00
8.6850000967819820e+00 0.0000000000000000e+00 0.0000000000000000e+00
8.6950000967819818e+00 0.0000000000000000e+00 0.0000000000000000e+00
8.7050000967819834e+00 0.0000000000000000e+00 0.0000000000000000e+00
8.7150000967819832e+00 0.0000000000000000e+00 0.0000000000000000e+00
8.7250000967819830e+00 0.0000000000000000e+00 0.0000000000000000e+00
8.7350000967819827e+00 0.0000000000000000e+00 0.0000000000000000e+00
8.7450000967819825e+00 0.0000000000000000e+00 0.0000000000000000e+00
8.7550000967819823e+00 0.0000000000000000e+00 0.0000000000000000e+00
8.7650000967819821e+00 0.0000000000000000e+00 0.0000000000000000e+00
8.7750000967819819e+00 0.0000000000000000e+00 0.0000000000000000e+00
8.7850000967819817e+00 0.0000000000000000e+00 0.0000000000000000e+00
8.7950000967819832e+00 0.0000000000000000e+00 0.0000000000000000e+00
8.8050000967819830e+00 0.0000000000000000e+00 0.0000000000000000e+00
8.8150000967819828e+00 0.0000000000000000e+00 0.0000000000000000e+00
8.8250000967819826e+00 0.0000000000000000e+00 0.0000000000000000e+00
8.8350000967819824e+00 0.0000000000000000e+00 0.0000000000000000e+00
8.8450000967819822e+00 0.0000000000000000e+00 0.0000000000000000e+00
8.8550000967819820e+00 0.0000000000000000e+00 0.0000000000000000e+00
8.8650000967819818e+00 0.0000000000000000e+00 0.0000000000000000e+00
8.8750000967819833e+00 0.0000000000000000e+00 0.0000000000000000e+00
8.8850000967819831e+00 0.0000000000000000e+00 0.0000000000000000e+00
8.8950000967819829e+00 0.0000000000000000e+00 0.0000000000000000e+00
8.9050000967819827e+00 0.0000000000000000e+00 0.0000000000000000e+00
8.9150000967819825e+00 0.0000000000000000e+00 0.0000000000000000e+00
8.9250000967819823e+00 0.0000000000000000e+00 0.0000000000000000e+00
8.9350000967819820e+00 0.0000000000000000e+00 0.0000000000000000e+00
8.9450000967819818e+00 0.0000000000000000e+00 0.0000000000000000e+00
8.9550000967819834e+00 0.0000000000000000e+00 0.0000000000000000e+00
8.9650000967819832e+00 0.0000000000000000e+00 0.0000000000000000e+00
8.9750000967819830e+00 0.0000000000000000e+00 0.0000000000000000e+00
8.9850000967819827e+00 0.0000000000000000e+00 0.0000000000000000e+00
8.9950000967819825e+00 0.0000000000000000e+00 0.0000000000000000e+00
9.0050000967819823e+00 0.0000000000000000e+00 0.0000000000000000e+00
9.0150000967819821e+00 0.0000000000000000e+00 0.0000000000000000e+00
9.0250000967819819e+00 0.0000000000000000e+00 0.0000000000000000e+00
9.0350000967819817e+00 0.0000000000000000e+00 0.0000000000000000e+00
9.0450000967819832e+00 0.0000000000000000e+00 0.0000000000000000e+00
9.0550000967819830e+00 0.0000000000000000e+00 0.0000000000000000e+00
9.0650000967819828e+00 0.0000000000000000e+00 0.0000000000000000e+00
9.0750000967819826e+00 0.0000000000000000e+00 0.0000000000000000e+00
9.0850000967819824e+00 0.0000000000000000e+00 0.0000000000000000e+00
9.0950000967819822e+00 0.0000000000000000e+00 0.0000000000000000e+00
9.1050000967819820e+00 0.0000000000000000e+00 0.0000000000000000e+00
9.1150000967819818e+00 0.0000000000000000e+00 0.0000000000000000e+00
9.1250000967819833e+00 0.0000000000000000e+00 0.0000000000000000e+00
9.1350000967819831e+00 0.0000000000000000e+00 0.0000000000000000e+00
9.1450000967819829e+00 0.0000000000000000e+00 0.0000000000000000e+00
9.1550000967819827e+00 0.0000000000000000e+00 0.0000000000000000e+00
9.1650000967819825e+00 0.0000000000000000e+00 0.0000000000000000e+00
9.1750000967819823e+00 0.0000000000000000e+00 0.0000000000000000e+00
9.1850000967819820e+00 0.0000000000000000e+00 0.0000000000000000e+00
9.1950000967819818e+00 0.0000000000000000e+00 0.0000000000000000e+00
9.2050000967819834e+00 0.0000000000000000e+00 0.0000000000000000e+00
9.2150000967819832e+00 0.0000000000000000e+00 0.0000000000000000e+00
9.2250000967819830e+00 0.0000000000000000e+00 0.0000000000000000e+00
9.2350000967819827e+00 0.0000000000000000e+00 0.0000000000000000e+00
9.2450000967819825e+00 0.0000000000000000e+00 0.0000000000000000e+00
9.2550000967819823e+00 0.0000000000000000e+00 0.0000000000000000e+00
9.2650000967819821e+00 0.0000000000000000e+00 0.0000000000000000e+00
9.2750000967819819e+00 0.0000000000000000e+00 0.0000000000000000e+00
9.2850000967819817e+00 0.0000000000000000e+00 0.0000000000000000e+00
9.2950000967819832e+00 0.0000000000000000e+00 0.0000000000000000e+00
9.3050000967819830e+00 0.0000000000000000e+00 0.0000000000000000e+00
9.3150000967819828e+00 0.0000000000000000e+00 0.0000000000000000e+00
9.3250000967819826e+00 0.0000000000000000e+00 0.0000000000000000e+00
9.3350000967819824e+00 0.0000000000000000e+00 0.0000000000000000e+00
9.3450000967819822e+00 0.0000000000000000e+00 0.0000000000000000e+00
9.3550000967819820e+00 0.0000000000000000e+00 0.0000000000000000e+00
9.3650000967819818e+00 0.0000000000000000e+00 0.0000000000000000e+00
9.3750000967819833e+00 0.0000000000000000e+00 0.0000000000000000e+00
9.3850000967819831e+00 0.0000000000000000e+00 0.0000000000000000e+00
9.3950000967819829e+00 0.0000000000000000e+00 0.0000000000000000e+00
9.4050000967819827e+00 0.0000000000000000e+00 0.0000000000000000e+00
9.4150000967819825e+00 0.0000000000000000e+00 0.0000000000000000e+00
9.4250000967819823e+00 0.0000000000000000e+00 0.0000000000000000e+00
9.4350000967819820e+00 0.0000000000000000e+00 0.0000000000000000e+00
9.4450000967819818e+00 0.0000000000000000e+00 0.0000000000000000e+00
9.4550000967819834e+00 0.0000000000000000e+00 0.0000000000000000e+00
9.4650000967819832e+00 0.0000000000000000e+00 0.0000000000000000e+00
9.4750000967819830e+00 0.0000000000000000e+00 0.0000000000000000e+00
9.4850000967819827e+00 0.0000000000000000e+00 0.0000000000000000e+00
9.4950000967819825e+00 0.0000000000000000e+00 0.0000000000000000e+00
9.5050000967819823e+00 0.0000000000000000e+00 0.0000000000000000e+00
9.5150000967819821e+00 0.0000000000000000e+00 0.0000000000000000e+00
9.5250000967819819e+00 0.0000000000000000e+00 0.0000000000000000e+00
9.5350000967819817e+00 0.0000000000000000e+00 0.0000000000000000e+00
9.5450000967819832e+00 0.0000000000000000e+00 0.0000000000000000e+00
9.5550000967819830e+00 0.0000000000000000e+00 0.0000000000000000e+00
9.5650000967819828e+00 0.0000000000000000e+00 0.0000000000000000e+00
9.5750000967819826e+00 0.0000000000000000e+00 0.0000000000000000e+00
9.5850000967819824e+00 0.0000000000000000e+00 0.0000000000000000e+00
9.5950000967819822e+00 0.0000000000000000e+00 0.0000000000000000e+00
9.6050000967819820e+00 0.0000000000000000e+00 0.0000000000000000e+00
9.6150000967819818e+00 0.0000000000000000e+00 0.0000000000000000e+00
9.6250000967819833e+00 0.0000000000000000e+00 0.0000000000000000e+00
9.6350000967819831e+00 0.0000000000000000e+00 0.0000000000000000e+00
9.6450000967819829e+00 0.0000000000000000e+00 0.0000000000000000e+00
9.6550000967819827e+00 0.0000000000000000e+00 0.0000000000000000e+00
9.6650000967819825e+00 0.0000000000000000e+00 0.0000000000000000e+00
9.6750000967819823e+00 0.0000000000000000e+00 0.0000000000000000e+00
9.6850000967819820e+00 0.0000000000000000e+00 0.0000000000000000e+00
9.6950000967819818e+00 0.0000000000000000e+00 0.0000000000000000e+00
9.7050000967819834e+00 0.0000000000000000e+00 0.0000000000000000e+00
9.7150000967819832e+00 0.0000000000000000e+00 0.0000000000000000e+00
9.7250000967819830e+00 0.0000000000000000e+00 0.0000000000000000e+00
9.7350000967819827e+00 0.0000000000000000e+00 0.0000000000000000e+00
9.7450000967819825e+00 0.0000000000000000e+00 0.0000000000000000e+00
9.7550000967819823e+00 0.0000000000000000e+00 0.0000000000000000e+00
9.7650000967819821e+00 0.0000000000000000e+00 0.0000000000000000e+00
9.7750000967819819e+00 0.0000000000000000e+00 0.0000000000000000e+00
9.7850000967819817e+00 0.0000000000000000e+00 0.0000000000000000e+00
9.7950000967819832e+00 0.0000000000000000e+00 0.0000000000000000e+00
9.8050000967819830e+00 0.0000000000000000e+00 0.0000000000000000e+00
9.8150000967819828e+00 0.0000000000000000e+00 0.0000000000000000e+00
9.8250000967819826e+00 0.0000000000000000e+00 0.0000000000000000e+00
9.8350000967819824e+00 0.0000000000000000e+00 0.0000000000000000e+00
9.8450000967819822e+00 0.0000000000000000e+00 0.0000000000000000e+00
9.8550000967819820e+00 0.0000000000000000e+00 0.0000000000000000e+00
9.8650000967819818e+00 0.0000000000000000e+00 0.0000000000000000e+00
9.8750000967819833e+00 0.0000000000000000e+00 0.0000000000000000e+00
9.8850000967819831e+00 0.0000000000000000e+00 0.0000000000000000e+00
9.8950000967819829e+00 0.0000000000000000e+00 0.0000000000000000e+00
9.9050000967819827e+00 0.0000000000000000e+00 0.0000000000000000e+00
9.9150000967819825e+00 0.0000000000000000e+00 0.0000000000000000e+00
9.9250000967819823e+00 0.0000000000000000e+00 0.0000000000000000e+00
9.9350000967819820e+00 0.0000000000000000e+00 0.0000000000000000e+00
9.9450000967819818e+00 0.0000000000000000e+00 0.0000000000000000e+00
9.9550000967819834e+00 0.0000000000000000e+00 0.0000000000000000e+00
9.9650000967819832e+00 0.0000000000000000e+00 0.0000000000000000e+00
9.9750000967819830e+00 0.0000000000000000e+00 0.0000000000000000e+00
9.9850000967819827e+00 0.0000000000000000e+00 0.0000000000000000e+00
9.9950000967819825e+00 0.0000000000000000e+00 0.0000000000000000e+00
1.0005000096781982e+01 0.0000000000000000e+00 0.0000000000000000e+00
1.0015000096781982e+01 0.0000000000000000e+00 0.0000000000000000e+00
1.0025000096781982e+01 0.0000000000000000e+00 0.0000000000000000e+00
1.0035000096781982e+01 0.0000000000000000e+00 0.0000000000000000e+00
1.0045000096781983e+01 0.0000000000000000e+00 0.0000000000000000e+00
1.0055000096781983e+01 0.0000000000000000e+00 0.0000000000000000e+00
1.0065000096781983e+01 0.0000000000000000e+00 0.0000000000000000e+00
1.0075000096781983e+01 0.0000000000000000e+00 0.0000000000000000e+00
1.0085000096781982e+01 0.0000000000000000e+00 0.0000000000000000e+00
1.0095000096781982e+01 0.0000000000000000e+00 0.0000000000000000e+00
1.0105000096781982e+01 0.0000000000000000e+00 0.0000000000000000e+00
1.0115000096781982e+01 0.0000000000000000e+00 0.0000000000000000e+00
1.0125000096781983e+01 0.0000000000000000e+00 0.0000000000000000e+00
1.0135000096781983e+01 0.0000000000000000e+00 0.0000000000000000e+00
1.0145000096781983e+01 0.0000000000000000e+00 0.0000000000000000e+00
1.0155000096781983e+01 0.0000000000000000e+00 0.0000000000000000e+00
1.0165000096781982e+01 0.0000000000000000e+00 0.0000000000000000e+00
1.0175000096781982e+01 0.0000000000000000e+00 0.0000000000000000e+00
1.0185000096781982e+01 0.0000000000000000e+00 0.0000000000000000e+00
1.0195000096781982e+01 0.0000000000000000e+00 0.0000000000000000e+00
1.0205000096781983e+01 0.0000000000000000e+00 0.0000000000000000e+00
1.0215000096781983e+01 0.0000000000000000e+00 0.0000000000000000e+00
1.0225000096781983e+01 0.0000000000000000e+00 0.0000000000000000e+00
1.0235000096781983e+01 0.0000000000000000e+00 0.0000000000000000e+00
1.0245000096781983e+01 0.0000000000000000e+00 0.0000000000000000e+00
1.0255000096781982e+01 0.0000000000000000e+00 0.0000000000000000e+00
1.0265000096781982e+01 0.0000000000000000e+00 0.0000000000000000e+00
1.0275000096781982e+01 0.0000000000000000e+00 0.0000000000000000e+00
1.0285000096781982e+01 0.0000000000000000e+00 0.0000000000000000e+00
1.0295000096781983e+01 0.0000000000000000e+00 0.0000000000000000e+00
1.0305000096781983e+01 0.0000000000000000e+00 0.0000000000000000e+00
1.0315000096781983e+01 0.0000000000000000e+00 0.0000000000000000e+00
1.0325000096781983e+01 0.0000000000000000e+00 0.0000000000000000e+00
1.0335000096781982e+01 0.0000000000000000e+00 0.0000000000000000e+00
1.0345000096781982e+01 0.0000000000000000e+00 0.0000000000000000e+00
1.0355000096781982e+01 0.0000000000000000e+00 0.0000000000000000e+00
1.0365000096781982e+01 0.0000000000000000e+00 0.0000000000000000e+00
1.0375000096781983e+01 0.0000000000000000e+00 0.0000000000000000e+00
1.0385000096781983e+01 0.0000000000000000e+00 0.0000000000000000e+00
1.0395000096781983e+01 0.0000000000000000e+00 0.0000000000000000e+00
1.0405000096781983e+01 0.0000000000000000e+00 0.0000000000000000e+00
1.0415000096781982e+01 0.0000000000000000e+00 0.0000000000000000e+00
1.0425000096781982e+01 0.0000000000000000e+00 0.0000000000000000e+00
1.0435000096781982e+01 0.0000000000000000e+00 0.0000000000000000e+00
1.0445000096781982e+01 0.0000000000000000e+00 0.0000000000000000e+00
1.0455000096781983e+01 0.0000000000000000e+00 0.0000000000000000e+00
1.0465000096781983e+01 0.0000000000000000e+00 0.0000000000000000e+00
1.0475000096781983e+01 0.0000000000000000e+00 0.0000000000000000e+00
1.0485000096781983e+01 0.0000000000000000e+00 0.0000000000000000e+00
1.0495000096781983e+01 0.0000000000000000e+00 0.0000000000000000e+00
1.0505000096781982e+01 0.0000000000000000e+00 0.0000000000000000e+00
1.0515000096781982e+01 0.0000000000000000e+00 0.0000000000000000e+00
1.0525000096781982e+01 0.0000000000000000e+00 0.0000000000000000e+00
1.0535000096781982e+01 0.0000000000000000e+00 0.0000000000000000e+00
1.0545000096781983e+01 0.0000000000000000e+00 0.0000000000000000e+00
1.0555000096781983e+01 0.0000000000000000e+00 0.0000000000000000e+00
1.0565000096781983e+01 0.0000000000000000e+00 0.0000000000000000e+00
1.0575000096781983e+01 0.0000000000000000e+00 0.0000000000000000e+00
1.0585000096781982e+01 0.0000000000000000e+00 0.0000000000000000e+00
1.0595000096781982e+01 0.0000000000000000e+00 0.0000000000000000e+00
1.0605000096781982e+01 0.0000000000000000e+00 0.0000000000000000e+00
1.0615000096781982e+01 0.0000000000000000e+00 0.0000000000000000e+00
1.0625000096781983e+01 0.0000000000000000e+00 0.0000000000000000e+00
1.0635000096781983e+01 0.0000000000000000e+00 0.0000000000000000e+00
1.0645000096781983e+01 0.0000000000000000e+00 0.0000000000000000e+00
1.0655000096781983e+01 0.0000000000000000e+00 0.0000000000000000e+00
1.0665000096781982e+01 0.0000000000000000e+00 0.0000000000000000e+00
1.0675000096781982e+01 0.0000000000000000e+00 0.0000000000000000e+00
1.0685000096781982e+01 0.0000000000000000e+00 0.0000000000000000e+00
1.0695000096781982e+01 0.0000000000000000e+00 0.0000000000000000e+00
1.0705000096781983e+01 0.0000000000000000e+00 0.0000000000000000e+00
1.0715000096781983e+01 0.0000000000000000e+00 0.0000000000000000e+00
1.0725000096781983e+01 0.0000000000000000e+00 0.0000000000000000e+00
1.0735000096781983e+01 0.0000000000000000e+00 0.0000000000000000e+00
1.0745000096781983e+01 0.0000000000000000e+00 0.0000000000000000e+00
1.0755000096781982e+01 0.0000000000000000e+00 0.0000000000000000e+00
1.0765000096781982e+01 0.0000000000000000e+00 0.0000000000000000e+00
1.0775000096781982e+01 0.0000000000000000e+00 0.0000000000000000e+00
1.0785000096781982e+01 0.0000000000000000e+00 0.0000000000000000e+00
1.0795000096781983e+01 0.0000000000000000e+00 0.0000000000000000e+00
1.0805000096781983e+01 0.0000000000000000e+00 0.0000000000000000e+00
1.0815000096781983e+01 0.0000000000000000e+00 0.0000000000000000e+00
1.0825000096781983e+01 0.0000000000000000e+00 0.0000000000000000e+00
1.0835000096781982e+01 0.0000000000000000e+00 0.0000000000000000e+00
1.0845000096781982e+01 0.0000000000000000e+00 0.0000000000000000e+00
1.0855000096781982e+01 0.0000000000000000e+00 0.0000000000000000e+00
1.0865000096781982e+01 0.0000000000000000e+00 0.0000000000000000e+00
1.0875000096781983e+01 0.0000000000000000e+00 0.0000000000000000e+00
1.0885000096781983e+01 0.0000000000000000e+00 0.0000000000000000e+00
1.0895000096781983e+01 0.0000000000000000e+00 0.0000000000000000e+00
1.0905000096781983e+01 0.0000000000000000e+00 0.0000000000000000e+00
1.0915000096781982e+01 0.0000000000000000e+00 0.0000000000000000e+00
1.0925000096781982e+01 0.0000000000000000e+00 0.0000000000000000e+00
1.0935000096781982e+01 0.0000000000000000e+00 0.0000000000000000e+00
1.0945000096781982e+01 0.0000000000000000e+00 0.0000000000000000e+00
1.0955000096781983e+01 0.0000000000000000e+00 0.0000000000000000e+00
1.0965000096781983e+01 0.0000000000000000e+00 0.0000000000000000e+00
1.0975000096781983e+01 0.0000000000000000e+00 0.0000000000000000e+00
1.0985000096781983e+01 0.0000000000000000e+00 0.0000000000000000e+00
1.0995000096781983e+01 0.0000000000000000e+00 0.0000000000000000e+00
1.1005000096781982e+01 0.0000000000000000e+00 0.0000000000000000e+00
1.1015000096781982e+01 0.0000000000000000e+00 0.0000000000000000e+00
1.1025000096781982e+01 0.0000000000000000e+00 0.0000000000000000e+00
1.1035000096781982e+01 0.0000000000000000e+00 0.0000000000000000e+00
1.1045000096781983e+01 0.0000000000000000e+00 0.0000000000000000e+00
1.1055000096781983e+01 0.0000000000000000e+00 0.0000000000000000e+00
1.1065000096781983e+01 0.0000000000000000e+00 0.0000000000000000e+00
1.1075000096781983e+01 0.0000000000000000e+00 0.0000000000000000e+00
1.1085000096781982e+01 0.0000000000000000e+00 0.0000000000000000e+00
1.1095000096781982e+01 0.0000000000000000e+00 0.0000000000000000e+00
1.1105000096781982e+01 0.0000000000000000e+00 0.0000000000000000e+00
1.1115000096781982e+01 0.0000000000000000e+00 0.0000000000000000e+00
1.1125000096781983e+01 0.0000000000000000e+00 0.0000000000000000e+00
1.1135000096781983e+01 0.0000000000000000e+00 0.0000000000000000e+00
1.1145000096781983e+01 0.0000000000000000e+00 0.0000000000000000e+00
1.1155000096781983e+01 0.0000000000000000e+00 0.0000000000000000e+00
1.1165000096781982e+01 0.0000000000000000e+00 0.0000000000000000e+00
1.1175000096781982e+01 0.0000000000000000e+00 0.0000000000000000e+00
1.1185000096781982e+01 0.0000000000000000e+00 0.0000000000000000e+00
1.1195000096781982e+01 0.0000000000000000e+00 0.0000000000000000e+00
1.1205000096781983e+01 0.0000000000000000e+00 0.0000000000000000e+00
1.1215000096781983e+01 0.0000000000000000e+00 0.0000000000000000e+00
1.1225000096781983e+01 0.0000000000000000e+00 0.0000000000000000e+00
1.1235000096781983e+01 0.0000000000000000e+00 0.0000000000000000e+00
1.1245000096781983e+01 0.0000000000000000e+00 0.0000000000000000e+00
1.1255000096781982e+01 0.0000000000000000e+00 0.0000000000000000e+00
1.1265000096781982e+01 0.0000000000000000e+00 0.0000000000000000e+00
1.1275000096781982e+01 0.0000000000000000e+00 0.0000000000000000e+00
1.1285000096781982e+01 0.0000000000000000e+00 0.0000000000000000e+00
1.1295000096781983e+01 0.0000000000000000e+00 0.0000000000000000e+00
1.1305000096781983e+01 0.0000000000000000e+00 0.0000000000000000e+00
1.1315000096781983e+01 0.0000000000000000e+00 0.0000000000000000e+00
1.1325000096781983e+01 0.0000000000000000e+00 0.0000000000000000e+00
1.1335000096781982e+01 0.0000000000000000e+00 0.0000000000000000e+00
1.1345000096781982e+01 0.0000000000000000e+00 0.0000000000000000e+00
1.1355000096781982e+01 0.0000000000000000e+00 0.0000000000000000e+00
1.1365000096781982e+01 0.0000000000000000e+00 0.0000000000000000e+00
1.1375000096781983e+01 0.0000000000000000e+00 0.0000000000000000e+00
1.1385000096781983e+01 0.0000000000000000e+00 0.0000000000000000e+00
1.1395000096781983e+01 0.0000000000000000e+00 0.0000000000000000e+00
1.1405000096781983e+01 0.0000000000000000e+00 0.0000000000000000e+00
1.1415000096781982e+01 0.0000000000000000e+00 0.0000000000000000e+00
1.1425000096781982e+01 0.0000000000000000e+00 0.0000000000000000e+00
1.1435000096781982e+01 0.0000000000000000e+00 0.0000000000000000e+00
1.1445000096781982e+01 0.0000000000000000e+00 0.0000000000000000e+00
1.1455000096781983e+01 0.0000000000000000e+00 0.0000000000000000e+00
1.1465000096781983e+01 0.0000000000000000e+00 0.0000000000000000e+00
1.1475000096781983e+01 0.0000000000000000e+00 0.0000000000000000e+00
1.1485000096781983e+01 0.0000000000000000e+00 0.0000000000000000e+00
1.1495000096781983e+01 0.0000000000000000e+00 0.0000000000000000e+00
1.1505000096781982e+01 0.0000000000000000e+00 0.0000000000000000e+00
1.1515000096781982e+01 0.0000000000000000e+00 0.0000000000000000e+00
1.1525000096781982e+01 0.0000000000000000e+00 0.0000000000000000e+00
1.1535000096781982e+01 0.0000000000000000e+00 0.0000000000000000e+00
1.1545000096781983e+01 0.0000000000000000e+00 0.0000000000000000e+00
1.1555000096781983e+01 0.0000000000000000e+00 0.0000000000000000e+00
1.1565000096781983e+01 0.0000000000000000e+00 0.0000000000000000e+00
1.1575000096781983e+01 0.0000000000000000e+00 0.0000000000000000e+00
1.1585000096781982e+01 0.0000000000000000e+00 0.0000000000000000e+00
1.1595000096781982e+01 0.0000000000000000e+00 0.0000000000000000e+00
1.1605000096781982e+01 0.0000000000000000e+00 0.0000000000000000e+00
1.1615000096781982e+01 0.0000000000000000e+00 0.0000000000000000e+00
1.1625000096781983e+01 0.0000000000000000e+00 0.0000000000000000e+00
1.1635000096781983e+01 0.0000000000000000e+00 0.0000000000000000e+00
1.1645000096781983e+01 0.0000000000000000e+00 0.0000000000000000e+00
1.1655000096781983e+01 0.0000000000000000e+00 0.0000000000000000e+00
1.1665000096781982e+01 0.0000000000000000e+00 0.0000000000000000e+00
1.1675000096781982e+01 0.0000000000000000e+00 0.0000000000000000e+00
1.1685000096781982e+01 0.0000000000000000e+00 0.0000000000000000e+00
1.1695000096781982e+01 0.0000000000000000e+00 0.0000000000000000e+00
1.1705000096781983e+01 0.0000000000000000e+00 0.0000000000000000e+00
1.1715000096781983e+01 0.0000000000000000e+00 0.0000000000000000e+00
1.1725000096781983e+01 0.0000000000000000e+00 0.0000000000000000e+00
1.1735000096781983e+01 0.0000000000000000e+00 0.0000000000000000e+00
1.1745000096781983e+01 0.0000000000000000e+00 0.0000000000000000e+00
1.1755000096781982e+01 0.0000000000000000e+00 0.0000000000000000e+00
1.1765000096781982e+01 0.0000000000000000e+00 0.0000000000000000e+00
1.1775000096781982e+01 0.0000000000000000e+00 0.0000000000000000e+00
1.1785000096781982e+01 0.0000000000000000e+00 0.0000000000000000e+00
1.1795000096781983e+01 0.0000000000000000e+00 0.0000000000000000e+00
1.1805000096781983e+01 0.0000000000000000e+00 0.0000000000000000e+00
1.1815000096781983e+01 0.0000000000000000e+00 0.0000000000000000e+00
1.1825000096781983e+01 0.0000000000000000e+00 0.0000000000000000e+00
1.1835000096781982e+01 0.0000000000000000e+00 0.0000000000000000e+00
1.1845000096781982e+01 0.0000000000000000e+00 0.0000000000000000e+00
1.1855000096781982e+01 0.0000000000000000e+00 0.0000000000000000e+00
1.1865000096781982e+01 0.0000000000000000e+00 0.0000000000000000e+00
1.1875000096781983e+01 0.0000000000000000e+00 0.0000000000000000e+00
1.1885000096781983e+01 0.0000000000000000e+00 0.0000000000000000e+00
1.1895000096781983e+01 0.0000000000000000e+00 0.0000000000000000e+00
1.1905000096781983e+01 0.0000000000000000e+00 0.0000000000000000e+00
1.1915000096781982e+01 0.0000000000000000e+00 0.0000000000000000e+00
1.1925000096781982e+01 0.0000000000000000e+00 0.0000000000000000e+00
1.1935000096781982e+01 0.0000000000000000e+00 0.0000000000000000e+00
1.1945000096781982e+01 0.0000000000000000e+00 0.0000000000000000e+00
1.1955000096781983e+01 0.0000000000000000e+00 0.0000000000000000e+00
1.1965000096781983e+01 0.0000000000000000e+00 0.0000000000000000e+00
1.1975000096781983e+01 0.0000000000000000e+00 0.0000000000000000e+00
1.1985000096781983e+01 0.0000000000000000e+00 0.0000000000000000e+00
1.1995000096781983e+01 0.0000000000000000e+00 0.0000000000000000e+00
1.2005000096781982e+01 0.0000000000000000e+00 0.0000000000000000e+00
1.2015000096781982e+01 0.0000000000000000e+00 0.0000000000000000e+00
1.2025000096781982e+01 0.0000000000000000e+00 0.0000000000000000e+00
1.2035000096781983e+01 0.0000000000000000e+00 0.0000000000000000e+00
1.2045000096781983e+01 0.0000000000000000e+00 0.0000000000000000e+00
1.2055000096781983e+01 0.0000000000000000e+00 0.0000000000000000e+00
1.2065000096781983e+01 0.0000000000000000e+00 0.0000000000000000e+00
1.2075000096781983e+01 0.0000000000000000e+00 0.0000000000000000e+00
1.2085000096781982e+01 0.0000000000000000e+00 0.0000000000000000e+00
1.2095000096781982e+01 0.0000000000000000e+00 0.0000000000000000e+00
1.2105000096781982e+01 0.0000000000000000e+00 0.0000000000000000e+00
1.2115000096781982e+01 0.0000000000000000e+00 0.0000000000000000e+00
1.2125000096781983e+01 0.0000000000000000e+00 0.0000000000000000e+00
1.2135000096781983e+01 0.0000000000000000e+00 0.0000000000000000e+00
1.2145000096781983e+01 0.0000000000000000e+00 0.0000000000000000e+00
1.2155000096781983e+01 0.0000000000000000e+00 0.0000000000000000e+00
1.2165000096781982e+01 0.0000000000000000e+00 0.0000000000000000e+00
1.2175000096781982e+01 0.0000000000000000e+00 0.0000000000000000e+00
1.2185000096781982e+01 0.0000000000000000e+00 0.0000000000000000e+00
1.2195000096781982e+01 0.0000000000000000e+00 0.0000000000000000e+00
1.2205000096781983e+01 0.0000000000000000e+00 0.0000000000000000e+00
1.2215000096781983e+01 0.0000000000000000e+00 0.0000000000000000e+00
1.2225000096781983e+01 0.0000000000000000e+00 0.0000000000000000e+00
1.2235000096781983e+01 0.0000000000000000e+00 0.0000000000000000e+00
1.2245000096781983e+01 0.0000000000000000e+00 0.0000000000000000e+00
1.2255000096781982e+01 0.0000000000000000e+00 0.0000000000000000e+00
1.2265000096781982e+01 0.0000000000000000e+00 0.0000000000000000e+00
1.2275000096781982e+01 0.0000000000000000e+00 0.0000000000000000e+00
1.2285000096781983e+01 0.0000000000000000e+00 0.0000000000000000e+00
1.2295000096781983e+01 0.0000000000000000e+00 0.0000000000000000e+00
1.2305000096781983e+01 0.0000000000000000e+00 0.0000000000000000e+00
1.2315000096781983e+01 0.0000000000000000e+00 0.0000000000000000e+00
1.2325000096781983e+01 0.0000000000000000e+00 0.0000000000000000e+00
1.2335000096781982e+01 0.0000000000000000e+00 0.0000000000000000e+00
1.2345000096781982e+01 0.0000000000000000e+00 0.0000000000000000e+00
1.2355000096781982e+01 0.0000000000000000e+00 0.0000000000000000e+00
1.2365000096781982e+01 0.0000000000000000e+00 0.0000000000000000e+00
1.2375000096781983e+01 0.0000000000000000e+00 0.0000000000000000e+00
1.2385000096781983e+01 0.0000000000000000e+00 0.0000000000000000e+00
1.2395000096781983e+01 0.0000000000000000e+00 0.0000000000000000e+00
1.2405000096781983e+01 0.0000000000000000e+00 0.0000000000000000e+00
1.2415000096781982e+01 1.0000000000000000e+00 0.0000000000000000e+00
1.2425000096781982e+01 0.0000000000000000e+00 0.0000000000000000e+00
1.2435000096781982e+01 0.0000000000000000e+00 0.0000000000000000e+00
1.2445000096781982e+01 0.0000000000000000e+00 0.0000000000000000e+00
1.2455000096781983e+01 0.0000000000000000e+00 0.0000000000000000e+00
1.2465000096781983e+01 0.0000000000000000e+00 0.0000000000000000e+00
1.2475000096781983e+01 0.0000000000000000e+00 0.0000000000000000e+00
1.2485000096781983e+01 0.0000000000000000e+00 0.0000000000000000e+00
1.2495000096781983e+01 0.0000000000000000e+00 0.0000000000000000e+00
1.2505000096781982e+01 0.0000000000000000e+00 0.0000000000000000e+00
1.2515000096781982e+01 0.0000000000000000e+00 0.0000000000000000e+00
1.2525000096781982e+01 0.0000000000000000e+00 0.0000000000000000e+00
1.2535000096781983e+01 0.0000000000000000e+00 0.0000000000000000e+00
1.2545000096781983e+01 0.0000000000000000e+00 0.0000000000000000e+00
1.2555000096781983e+01 0.0000000000000000e+00 0.0000000000000000e+00
1.2565000096781983e+01 0.0000000000000000e+00 0.0000000000000000e+00
1.2575000096781983e+01 0.0000000000000000e+00 0.0000000000000000e+00
1.2585000096781982e+01 0.0000000000000000e+00 0.0000000000000000e+00
1.2595000096781982e+01 0.0000000000000000e+00 0.0000000000000000e+00
1.2605000096781982e+01 0.0000000000000000e+00 0.0000000000000000e+00
1.2615000096781982e+01 0.0000000000000000e+00 0.0000000000000000e+00
1.2625000096781983e+01 0.0000000000000000e+00 0.0000000000000000e+00
1.2635000096781983e+01 0.0000000000000000e+00 0.0000000000000000e+00
1.2645000096781983e+01 0.0000000000000000e+00 0.0000000000000000e+00
1.2655000096781983e+01 0.0000000000000000e+00 0.0000000000000000e+00
1.2665000096781982e+01 0.0000000000000000e+00 0.0000000000000000e+00
1.2675000096781982e+01 0.0000000000000000e+00 0.0000000000000000e+00
1.2685000096781982e+01 0.0000000000000000e+00 0.0000000000000000e+00
1.2695000096781982e+01 0.0000000000000000e+00 0.0000000000000000e+00
1.2705000096781983e+01 0.0000000000000000e+00 0.0000000000000000e+00
1.2715000096781983e+01 0.0000000000000000e+00 0.0000000000000000e+00
1.2725000096781983e+01 0.0000000000000000e+00 0.0000000000000000e+00
1.2735000096781983e+01 1.0000000000000000e+00 0.0000000000000000e+00
1.2745000096781983e+01 0.0000000000000000e+00 0.0000000000000000e+00
1.2755000096781982e+01 0.0000000000000000e+00 0.0000000000000000e+00
1.2765000096781982e+01 0.0000000000000000e+00 0.0000000000000000e+00
1.2775000096781982e+01 0.0000000000000000e+00 0.0000000000000000e+00
1.2785000096781983e+01 0.0000000000000000e+00 0.0000000000000000e+00
1.2795000096781983e+01 0.0000000000000000e+00 0.0000000000000000e+00
1.2805000096781983e+01 0.0000000000000000e+00 0.0000000000000000e+00
1.2815000096781983e+01 0.0000000000000000e+00 0.0000000000000000e+00
1.2825000096781983e+01 0.0000000000000000e+00 0.0000000000000000e+00
1.2835000096781982e+01 0.0000000000000000e+00 0.0000000000000000e+00
1.2845000096781982e+01 0.0000000000000000e+00 0.0000000000000000e+00
1.2855000096781982e+01 0.0000000000000000e+00 0.0000000000000000e+00
1.2865000096781982e+01 0.0000000000000000e+00 0.0000000000000000e+00
1.2875000096781983e+01 0.0000000000000000e+00 0.0000000000000000e+00
1.2885000096781983e+01 1.0000000000000000e+00 0.0000000000000000e+00
1.2895000096781983e+01 0.0000000000000000e+00 0.0000000000000000e+00
1.2905000096781983e+01 0.0000000000000000e+00 0.0000000000000000e+00
1.2915000096781982e+01 0.0000000000000000e+00 0.0000000000000000e+00
1.2925000096781982e+01 0.0000000000000000e+00 0.0000000000000000e+00
1.2935000096781982e+01 0.0000000000000000e+00 0.0000000000000000e+00
1.2945000096781982e+01 0.0000000000000000e+00 0.0000000000000000e+00
1.2955000096781983e+01 0.0000000000000000e+00 0.0000000000000000e+00
1.2965000096781983e+01 0.0000000000000000e+00 0.0000000000000000e+00
1.2975000096781983e+01 0.0000000000000000e+00 0.0000000000000000e+00
1.2985000096781983e+01 0.0000000000000000e+00 0.0000000000000000e+00
1.2995000096781983e+01 0.0000000000000000e+00 0.0000000000000000e+00
1.3005000096781982e+01 0.0000000000000000e+00 0.0000000000000000e+00
1.3015000096781982e+01 0.0000000000000000e+00 0.0000000000000000e+00
1.3025000096781982e+01 0.0000000000000000e+00 0.0000000000000000e+00
1.3035000096781983e+01 0.0000000000000000e+00 0.0000000000000000e+00
1.3045000096781983e+01 0.0000000000000000e+00 0.0000000000000000e+00
1.3055000096781983e+01 0.0000000000000000e+00 0.0000000000000000e+00
1.3065000096781983e+01 0.0000000000000000e+00 0.0000000000000000e+00
1.3075000096781983e+01 0.0000000000000000e+00 0.0000000000000000e+00
1.3085000096781982e+01 0.0000000000000000e+00 0.0000000000000000e+00
1.3095000096781982e+01 0.0000000000000000e+00 0.0000000000000000e+00
1.3105000096781982e+01 0.0000000000000000e+00 0.0000000000000000e+00
1.3115000096781982e+01 0.0000000000000000e+00 0.0000000000000000e+00
1.3125000096781983e+01 0.0000000000000000e+00 0.0000000000000000e+00
1.3135000096781983e+01 0.0000000000000000e+00 0.0000000000000000e+00
1.3145000096781983e+01 0.0000000000000000e+00 0.0000000000000000e+00
1.3155000096781983e+01 0.0000000000000000e+00 0.0000000000000000e+00
1.3165000096781982e+01 0.0000000000000000e+00 0.0000000000000000e+00
1.3175000096781982e+01 0.0000000000000000e+00 0.0000000000000000e+00
1.3185000096781982e+01 0.0000000000000000e+00 0.0000000000000000e+00
1.3195000096781982e+01 0.0000000000000000e+00 0.0000000000000000e+00
1.3205000096781983e+01 0.0000000000000000e+00 0.0000000000000000e+00
1.3215000096781983e+01 0.0000000000000000e+00 0.0000000000000000e+00
1.3225000096781983e+01 0.0000000000000000e+00 0.0000000000000000e+00
1.3235000096781983e+01 0.0000000000000000e+00 0.0000000000000000e+00
1.3245000096781983e+01 0.0000000000000000e+00 0.0000000000000000e+00
1.3255000096781982e+01 0.0000000000000000e+00 0.0000000000000000e+00
1.3265000096781982e+01 0.0000000000000000e+00 0.0000000000000000e+00
1.3275000096781982e+01 0.0000000000000000e+00 0.0000000000000000e+00
1.3285000096781983e+01 0.0000000000000000e+00 0.0000000000000000e+00
1.3295000096781983e+01 0.0000000000000000e+00 0.0000000000000000e+00
1.3305000096781983e+01 0.0000000000000000e+00 0.0000000000000000e+00
1.3315000096781983e+01 1.0000000000000000e+00 0.0000000000000000e+00
1.3325000096781983e+01 0.0000000000000000e+00 0.0000000000000000e+00
1.3335000096781982e+01 0.0000000000000000e+00 0.0000000000000000e+00
1.3345000096781982e+01 0.0000000000000000e+00 0.0000000000000000e+00
1.3355000096781982e+01 0.0000000000000000e+00 0.0000000000000000e+00
1.3365000096781982e+01 1.0000000000000000e+00 0.0000000000000000e+00
1.3375000096781983e+01 0.0000000000000000e+00 0.0000000000000000e+00
1.3385000096781983e+01 0.0000000000000000e+00 0.0000000000000000e+00
1.3395000096781983e+01 0.0000000000000000e+00 0.0000000000000000e+00
1.3405000096781983e+01 0.0000000000000000e+00 0.0000000000000000e+00
1.3415000096781982e+01 0.0000000000000000e+00 0.0000000000000000e+00
1.3425000096781982e+01 1.0000000000000000e+00 0.0000000000000000e+00
1.3435000096781982e+01 0.0000000000000000e+00 0.0000000000000000e+00
1.3445000096781982e+01 0.0000000000000000e+00 0.0000000000000000e+00
1.3455000096781983e+01 0.0000000000000000e+00 0.0000000000000000e+00
1.3465000096781983e+01 0.0000000000000000e+00 0.0000000000000000e+00
1.3475000096781983e+01 0.0000000000000000e+00 0.0000000000000000e+00
1.3485000096781983e+01 2.0000000000000000e+00 0.0000000000000000e+00
1.3495000096781983e+01 0.0000000000000000e+00 0.0000000000000000e+00
1.3505000096781982e+01 1.0000000000000000e+00 0.0000000000000000e+00
1.3515000096781982e+01 0.0000000000000000e+00 0.0000000000000000e+00
1.3525000096781982e+01 0.0000000000000000e+00 1.0000000000000000e+01
1.3535000096781983e+01 0.0000000000000000e+00 0.0000000000000000e+00
1.3545000096781983e+01 0.0000000000000000e+00 0.0000000000000000e+00
1.3555000096781983e+01 0.0000000000000000e+00 0.0000000000000000e+00
1.3565000096781983e+01 0.0000000000000000e+00 0.0000000000000000e+00
1.3575000096781983e+01 0.0000000000000000e+00 0.0000000000000000e+00
1.3585000096781982e+01 0.0000000000000000e+00 0.0000000000000000e+00
