MinMax.txt

Chunk 0
3.6751614453E+00 1.3508561445E+01 1.3522961445E+01 1.3522961445E+01

Chunk 1
8.3747200872E-06 1.3581565412E+01 1.3011778550E+01 1.3592065412E+01

Chunk 2
8.3747200872E-06 1.3581565412E+01 1.2897400261E+01 1.3592065412E+01

Chunk 3
8.3747200872E-06 1.3581565412E+01 1.2807158430E+01 1.3592065412E+01

Chunk 4
8.3747200872E-06 1.3581565412E+01 1.2700053912E+01 1.3592065412E+01

Chunk 5
7.7919890788E-06 1.3581565412E+01 1.2622101667E+01 1.3592065412E+01

Chunk 6
7.7919890788E-06 1.3581565412E+01 1.2555671346E+01 1.3592065412E+01

Chunk 7
7.7919890788E-06 1.3581565412E+01 1.2448763104E+01 1.3592065412E+01

Chunk 8
7.7919890788E-06 1.3581565412E+01 1.2448763104E+01 1.3592065412E+01

Chunk 9
7.7919890788E-06 1.3581565412E+01 1.2362472640E+01 1.3592065412E+01

Chunk 10
7.7919890788E-06 1.3581565412E+01 1.2362472640E+01 1.3592065412E+01

Chunk 11
2.1720736783E-06 1.3581565412E+01 1.2183908610E+01 1.3592065412E+01

Chunk 12
2.1720736783E-06 1.3581565412E+01 1.2183908610E+01 1.3592065412E+01

Chunk 13
2.0219594656E-06 1.3581565412E+01 1.2183908610E+01 1.3592065412E+01

Chunk 14
2.0219594656E-06 1.3581565412E+01 1.2032366401E+01 1.3592065412E+01

Chunk 15
2.0219594656E-06 1.3581565412E+01 1.2032366401E+01 1.3592065412E+01

Chunk 16
2.0219594656E-06 1.3581565412E+01 1.2032366401E+01 1.3592065412E+01

Chunk 17
2.0219594656E-06 1.3581565412E+01 1.1906139242E+01 1.3592065412E+01

Chunk 18
1.9707877996E-06 1.3581565412E+01 1.1906139242E+01 1.3592065412E+01

Chunk 19
1.9707877996E-06 1.3581565412E+01 1.1906139242E+01 1.3592065412E+01

Chunk 20
1.9707877996E-06 1.3581565412E+01 1.1770890168E+01 1.3592065412E+01

Chunk 21
1.9707877996E-06 1.3581565412E+01 1.1770890168E+01 1.3592065412E+01

Chunk 22
1.9707877996E-06 1.3581565412E+01 1.1626017644E+01 1.3592065412E+01

Chunk 23
1.9707877996E-06 1.3581565412E+01 1.1626017644E+01 1.3592065412E+01

Chunk 24
1.9707877996E-06 1.3581565412E+01 1.1626017644E+01 1.3592065412E+01

Chunk 25
1.9707877996E-06 1.3581565412E+01 1.1565233790E+01 1.3592065412E+01

Chunk 26
1.9707877996E-06 1.3581565412E+01 1.1565233790E+01 1.3592065412E+01

Chunk 27
1.9707877996E-06 1.3581565412E+01 1.1470890749E+01 1.3592065412E+01

Chunk 28
1.9707877996E-06 1.3581565412E+01 1.1321963355E+01 1.3592065412E+01

Chunk 29
1.9707877996E-06 1.3581565412E+01 1.1321963355E+01 1.3592065412E+01

Chunk 30
1.9707877996E-06 1.3581565412E+01 1.1321963355E+01 1.3592065412E+01

Chunk 31
1.9707877996E-06 1.3581565412E+01 1.1163693500E+01 1.3592065412E+01

Chunk 32
1.9707877996E-06 1.3581565412E+01 1.1163693500E+01 1.3592065412E+01

Chunk 33
1.9707877996E-06 1.3581565412E+01 1.1163693500E+01 1.3592065412E+01

Chunk 34
1.9707877996E-06 1.3581565412E+01 1.1014747865E+01 1.3592065412E+01

Chunk 35
1.9707877996E-06 1.3581565412E+01 1.1014747865E+01 1.3592065412E+01

Chunk 36
1.9707877996E-06 1.3581565412E+01 1.1014747865E+01 1.3592065412E+01

Chunk 37
1.9707877996E-06 1.3581565412E+01 1.0857637308E+01 1.3592065412E+01

Chunk 38
1.9707877996E-06 1.3581565412E+01 1.0857637308E+01 1.3592065412E+01

Chunk 39
1.9707877996E-06 1.3581565412E+01 1.0857637308E+01 1.3592065412E+01

Chunk 40
1.9707877996E-06 1.3581565412E+01 1.0713166816E+01 1.3592065412E+01

Chunk 41
4.2808708045E-07 1.3581565412E+01 1.0713166816E+01 1.3592065412E+01

Chunk 42
4.2808708045E-07 1.3581565412E+01 1.0561891360E+01 1.3592065412E+01

Chunk 43
4.2808708045E-07 1.3581565412E+01 1.0561891360E+01 1.3592065412E+01

Chunk 44
4.2808708045E-07 1.3581565412E+01 1.0403547088E+01 1.3592065412E+01

Chunk 45
4.2808708045E-07 1.3581565412E+01 1.0403547088E+01 1.3592065412E+01

Chunk 46
4.2808708045E-07 1.3581565412E+01 1.0403547088E+01 1.3592065412E+01

Chunk 47
4.2808708045E-07 1.3581565412E+01 1.0237867726E+01 1.3592065412E+01

Chunk 48
4.2808708045E-07 1.3581565412E+01 1.0237867726E+01 1.3592065412E+01

Chunk 49
4.2808708045E-07 1.3581565412E+01 1.0089816442E+01 1.3592065412E+01

Chunk 50
4.2808708045E-07 1.3581565412E+01 9.9360130219E+00 1.3592065412E+01

Chunk 51
4.2808708045E-07 1.3581565412E+01 9.9360130219E+00 1.3592065412E+01

Chunk 52
4.2808708045E-07 1.3581565412E+01 9.7762910039E+00 1.3592065412E+01

Chunk 53
4.2808708045E-07 1.3581565412E+01 9.7762910039E+00 1.3592065412E+01

Chunk 54
4.2808708045E-07 1.3581565412E+01 9.6385486491E+00 1.3592065412E+01

Chunk 55
4.2808708045E-07 1.3581565412E+01 9.4675493843E+00 1.3592065412E+01

Chunk 56
4.2808708045E-07 1.3581565412E+01 9.4675493843E+00 1.3592065412E+01

Chunk 57
4.2808708045E-07 1.3581565412E+01 9.3201849782E+00 1.3592065412E+01

Chunk 58
4.2808708045E-07 1.3581565412E+01 9.1683019464E+00 1.3592065412E+01

Chunk 59
4.2808708045E-07 1.3581565412E+01 9.0118142479E+00 1.3592065412E+01

Chunk 60
4.2808708045E-07 1.3581565412E+01 8.8506372415E+00 1.3592065412E+01

Chunk 61
4.2808708045E-07 1.3581565412E+01 8.8506372415E+00 1.3592065412E+01

Chunk 62
1.3361810858E-07 1.3581565412E+01 8.6846919608E+00 1.3592065412E+01

Chunk 63
1.3361810858E-07 1.3581565412E+01 8.3737316808E+00 1.3592065412E+01

Chunk 64
1.3361810858E-07 1.3581565412E+01 8.2303810488E+00 1.3592065412E+01

Chunk 65
1.3361810858E-07 1.3581565412E+01 8.0838173660E+00 1.3592065412E+01

Chunk 66
1.3361810858E-07 1.3581565412E+01 7.9340099320E+00 1.3592065412E+01

Chunk 67
1.3361810858E-07 1.3581565412E+01 7.5849498535E+00 1.3592065412E+01

Chunk 68
1.3361810858E-07 1.3581565412E+01 7.3018476377E+00 1.3592065412E+01

Chunk 69
1.3361810858E-07 1.3581565412E+01 7.1354721071E+00 1.3592065412E+01

Chunk 70
1.3361810858E-07 1.3581565412E+01 6.6605736664E+00 1.3592065412E+01

Chunk 71
1.3361810858E-07 1.3581565412E+01 6.3450646800E+00 1.3592065412E+01

Chunk 72
1.3361810858E-07 1.3581565412E+01 5.8764158107E+00 1.3592065412E+01

Chunk 73
1.3361810858E-07 1.3581565412E+01 5.3868358173E+00 1.3592065412E+01

Chunk 74
1.3361810858E-07 1.3581565412E+01 4.7721458929E+00 1.3592065412E+01

Chunk 75
1.3361810858E-07 1.3581565412E+01 3.9632674359E+00 1.3592065412E+01

Chunk 76
9.6781981984E-08 1.3581565412E+01 2.8773508812E+00 1.3592065412E+01

Chunk 77
9.6781981984E-08 1.3581565412E+01 9.7298085436E-01 1.3592065412E+01

Chunk 78
9.6781981984E-08 1.3581565412E+01 7.2033238735E-03 1.3592065412E+01


----------------------------------
tLBMin: 9.6781981984E-08
tLBMax: 1.3581565412E+01
zMin:   7.2033238735E-03
zMax:   1.3592065412E+01

